41.778993034 -87.78131484; 41.778993034 -87.78131484; 41.7829949 -87.741219775; 41.7829949 -87.741219775; 
41.890013771 -87.631705393; 41.885901992 -87.632455489; 41.849059202 -87.639027598; 41.895002822 -87.621454706; 41.885393253 -87.663547848; 41.890051565 -87.62891376; 41.885393253 -87.663547848; 41.885901992 -87.632455489; 41.890051565 -87.62891376; 41.895002822 -87.621454706; 41.890013771 -87.631705393; 
41.779059693 -87.615596501; 41.75216896 -87.605227966; 41.761619026 -87.590874042; 41.764728045 -87.561272312; 41.761619026 -87.590874042; 41.779059693 -87.615596501; 41.764728045 -87.561272312; 41.79432621 -87.643832227; 41.75216896 -87.605227966; 
41.814963912 -87.60872845; 41.809125265 -87.631906508; 41.814963912 -87.60872845; 41.834690813 -87.613705645; 
41.948131367 -87.649510899; 41.943877079 -87.649383602; 41.932012618 -87.640940116; 41.943083876 -87.649362673; 41.964798032 -87.65478194; 41.943877079 -87.649383602; 41.943083876 -87.649362673; 41.945910991 -87.655474824; 41.964798032 -87.65478194; 41.932012618 -87.640940116; 
41.946598555 -87.727408706; 41.951893745 -87.747276287; 41.946598555 -87.727408706; 41.946598555 -87.727408706; 41.946598555 -87.727408706; 
41.824828775 -87.686758065; 41.822763321 -87.695771109; 41.847198471 -87.685505208; 41.847198471 -87.685505208; 41.822763321 -87.695771109; 
41.916124853 -87.730188129; 41.946762987 -87.686133952; 41.925579309 -87.701715693; 41.946762987 -87.686133952; 41.925579309 -87.701715693; 
41.89526909 -87.731317331; 41.881832631 -87.709601264; 41.869652735 -87.715524317; 41.89526909 -87.731317331; 
41.904764179 -87.759734574; 41.8784291 -87.758376491; 41.922628077 -87.775672745; 41.891282784 -87.772169896; 41.922628077 -87.775672745; 41.8784291 -87.758376491; 41.884696976 -87.773373307; 41.891282784 -87.772169896; 
