41.955990336 -87.741823345; 41.977712577 -87.757841022; 41.95609463 -87.741826057; 41.955990336 -87.741823345; 
41.877555193 -87.755942476; 41.871113038 -87.74807718; 41.877555193 -87.755942476; 41.871113038 -87.74807718; 
41.899657478 -87.722548554; 41.909664252 -87.742728815; 41.909664252 -87.742728815; 41.899893221 -87.718898792; 
41.695982095 -87.596653142; 41.695908161 -87.595822806; 41.699967837 -87.616773284; 41.688123792 -87.619496824; 41.695982095 -87.596653142; 41.695982095 -87.596653142; 
41.818038629 -87.598110061; 41.818038629 -87.598110061; 41.822073733 -87.603434976; 41.752652015 -87.605237166; 41.739265865 -87.604893749; 41.785848109 -87.607582382; 41.752652015 -87.605237166; 
41.997276449 -87.669001465; 41.958438613 -87.653669226; 41.976814727 -87.659880317; 41.988064008 -87.656752921; 41.997276449 -87.669001465; 
41.785519673 -87.738567526; 41.776467894 -87.701853752; 41.778754491 -87.716613865; 41.828088761 -87.686233601; 41.778176484 -87.7553426; 41.778754491 -87.716613865; 41.809372853 -87.704024967; 41.778176484 -87.7553426; 41.785519673 -87.738567526; 
41.750005014 -87.673125651; 41.757052214 -87.651480848; 41.757052214 -87.651480848; 41.750333844 -87.664972023; 
41.91004716 -87.670112438; 41.921608313 -87.665329825; 41.927599841 -87.662187828; 41.927599841 -87.662187828; 41.942451702 -87.666924409; 
41.881556538 -87.627758535; 41.884493335 -87.626940343; 41.88121504 -87.637001425; 41.882394062 -87.627844798; 41.885741029 -87.631711749; 41.881487914 -87.627755618; 41.885741029 -87.631711749; 41.882381731 -87.629412971; 
41.9007799 -87.643106927; 41.903996883 -87.643230238; 41.9109337 -87.647251872; 41.915063135 -87.650830302; 41.906684967 -87.635303024; 41.916865654 -87.648452263; 41.916865654 -87.648452263; 41.903996883 -87.643230238; 41.911089665 -87.640321294; 
41.897837503 -87.624097243; 41.895140898 -87.624255632; 41.899146952 -87.627733893; 41.897895128 -87.624096605; 41.899146952 -87.627733893; 41.897837503 -87.624097243; 
