41.953200167 -87.765329611; 41.942335471 -87.758096769; 41.924122962 -87.755001006; 41.942335471 -87.758096769; 41.953200167 -87.765329611; 
41.771000994 -87.57520798; 41.763637571 -87.595791777; 41.757614433 -87.586115266; 41.763637571 -87.595791777; 41.764728804 -87.586292974; 
41.754592961 -87.741528537; 41.765698047 -87.722438871; 41.781312756 -87.730162561; 41.766524177 -87.722456694; 41.754592961 -87.741528537; 41.781312756 -87.730162561; 41.766524177 -87.722456694; 41.796939201 -87.703651531; 
41.762349925 -87.666177869; 41.786736065 -87.665290751; 41.767726292 -87.663867778; 41.764151886 -87.683229302; 41.786736065 -87.665290751; 41.754251875 -87.634391715; 41.754251875 -87.634391715; 
41.978695611 -87.662412857; 41.965919963 -87.685098057; 41.976851852 -87.654999693; 41.990271837 -87.660275533; 41.990271837 -87.660275533; 41.976851852 -87.654999693; 
41.927138244 -87.704254294; 41.927138244 -87.704254294; 41.923536941 -87.709121749; 41.923536941 -87.709121749; 
41.929743818 -87.684273777; 41.932354458 -87.672402503; 41.92510186 -87.671992307; 41.92510186 -87.671992307; 
41.925217467 -87.6358764; 41.924277399 -87.636526022; 41.933406659 -87.642758936; 41.924277399 -87.636526022; 41.93447833 -87.652648383; 41.925217467 -87.6358764; 
41.900578761 -87.629411503; 41.896888586 -87.628203192; 41.891694878 -87.626155832; 41.892753031 -87.624193896; 41.895140898 -87.624255632; 41.896888586 -87.628203192; 41.895140898 -87.624255632; 41.891694878 -87.626155832; 41.893223483 -87.63153437; 41.892753031 -87.624193896; 41.898767916 -87.624116333; 
41.882381731 -87.629412971; 41.883500187 -87.627876698; 41.880559272 -87.629366876; 41.876542084 -87.627641116; 41.878562742 -87.632267636; 41.882381731 -87.629412971; 41.878562742 -87.632267636; 41.881951231 -87.633060512; 
