41.895265045 -87.731592842; 41.873996985 -87.750723903; 41.869956929 -87.714427277; 41.865576557 -87.721496324; 
41.7940902 -87.703573069; 41.801141301 -87.685012091; 41.801141301 -87.685012091; 41.7940902 -87.703573069; 41.780554403 -87.688559598; 
41.748345446 -87.645189309; 41.802132606 -87.613677631; 41.751719202 -87.663469758; 41.721326098 -87.653682861; 41.75089628 -87.627769334; 41.768623525 -87.629855197; 41.779798546 -87.641648739; 41.768623525 -87.629855197; 41.721326098 -87.653682861; 41.748345446 -87.645189309; 41.779798546 -87.641648739; 
41.956936297 -87.758414017; 41.955163355 -87.754010914; 41.957273972 -87.730094394; 41.974648591 -87.724572314; 41.974648591 -87.724572314; 41.96155643 -87.75382432; 41.935884644 -87.703855947; 41.955163355 -87.754010914; 
41.895761856 -87.685705175; 41.901408598 -87.671112822; 41.901408598 -87.671112822; 41.903127397 -87.680858986; 41.910518966 -87.675324398; 41.916799366 -87.672735715; 41.90831443 -87.665185564; 
41.938741422 -87.640937164; 41.94933263 -87.64847244; 41.945688582 -87.649437757; 41.94933263 -87.64847244; 41.938709137 -87.642867124; 41.938709137 -87.642867124; 
41.882394062 -87.627844798; 41.882394062 -87.627844798; 41.882394062 -87.627844798; 41.882394062 -87.627844798; 
41.892753031 -87.624193896; 41.895692026 -87.627298109; 41.891404732 -87.628061509; 41.895692026 -87.627298109; 41.89804054 -87.624091323; 41.891404732 -87.628061509; 41.89804054 -87.624091323; 
41.88234543 -87.6543771; 41.889015814 -87.649605543; 41.886607197 -87.661368415; 41.88234543 -87.6543771; 41.882911079 -87.66143285; 41.889015814 -87.649605543; 41.891412551 -87.647934597; 41.900693088 -87.644187803; 
41.923687834 -87.639317774; 41.923687834 -87.639317774; 41.915707757 -87.633011256; 41.908471576 -87.633068311; 41.914793584 -87.635659237; 41.908849952 -87.646645976; 41.915707757 -87.633011256; 41.914793584 -87.635659237; 41.908471576 -87.633068311; 41.91114034 -87.636904049; 41.908849952 -87.646645976; 
