41.951915233 -87.807238885; 41.951915233 -87.807238885; 41.973753784 -87.843223511; 41.973753784 -87.843223511; 
41.780369155 -87.687336877; 41.789484197 -87.692459726; 41.793141605 -87.684021912; 41.691573848 -87.700110821; 41.789484197 -87.692459726; 41.793141605 -87.684021912; 41.743575934 -87.696119052; 41.691573848 -87.700110821; 41.743575934 -87.696119052; 41.780369155 -87.687336877; 
41.96938944 -87.700488807; 41.974610155 -87.724569003; 41.974610155 -87.724569003; 41.964522471 -87.656913808; 41.96938944 -87.700488807; 41.964522471 -87.656913808; 
41.723269943 -87.609342009; 41.723269943 -87.609342009; 41.721568583 -87.603287781; 41.721568583 -87.603287781; 
41.754767312 -87.5626561; 41.754767312 -87.5626561; 41.727872617 -87.551207132; 41.727872617 -87.551207132; 41.74591592 -87.546711796; 41.74591592 -87.546711796; 
41.866806968 -87.720137213; 41.867730626 -87.727676758; 41.852886433 -87.729666769; 41.866806968 -87.720137213; 41.88325634 -87.734764539; 41.867730626 -87.727676758; 41.88325634 -87.734764539; 41.871883883 -87.704414529; 41.852886433 -87.729666769; 
41.919363281 -87.75968836; 41.921178565 -87.74745455; 41.93580206 -87.751675946; 41.921178565 -87.74745455; 41.902320502 -87.749133059; 41.902320502 -87.749133059; 41.919363281 -87.75968836; 41.93580206 -87.751675946; 
41.774463738 -87.600928542; 41.776150283 -87.615522623; 41.774463738 -87.600928542; 41.776150283 -87.615522623; 
41.820356808 -87.608792389; 41.820356808 -87.608792389; 41.829651528 -87.614451899; 41.829651528 -87.614451899; 
41.799580127 -87.619346782; 41.799580127 -87.619346782; 41.80313715 -87.608461942; 41.80313715 -87.608461942; 
