42.019361825 -87.668558186; 42.018333613 -87.672984936; 42.01202879 -87.701494017; 42.01202879 -87.701494017; 42.019361825 -87.668558186; 
41.729154867 -87.554536327; 41.752950248 -87.554061838; 41.729154867 -87.554536327; 41.752950248 -87.554061838; 
41.749657947 -87.66342156; 41.76460796 -87.68867896; 41.76322579 -87.713793599; 41.76460796 -87.68867896; 41.738691386 -87.696178334; 41.749657947 -87.66342156; 41.738691386 -87.696178334; 
41.739265865 -87.604893749; 41.739265865 -87.604893749; 41.719238815 -87.617709395; 41.706925829 -87.642045876; 41.671777929 -87.647798935; 41.719238815 -87.617709395; 41.706925829 -87.642045876; 41.695655565 -87.612236861; 
41.844214236 -87.727520579; 41.844252757 -87.724943845; 41.844214236 -87.727520579; 41.844252757 -87.724943845; 
41.806183795 -87.657609975; 41.82906505 -87.626519016; 41.811763011 -87.667495787; 41.809803372 -87.64556634; 41.809803372 -87.64556634; 
41.93206703 -87.701783993; 41.956560604 -87.69214146; 41.93206703 -87.701783993; 
41.943799567 -87.676048273; 41.9444295 -87.657401923; 41.943799567 -87.676048273; 
41.903222669 -87.675432381; 41.900547313 -87.675959408; 41.903222669 -87.675432381; 41.900547313 -87.675959408; 
41.88234543 -87.6543771; 41.890117125 -87.645157222; 41.885455068 -87.660040064; 41.88234543 -87.6543771; 41.885455068 -87.660040064; 
41.872645857 -87.625954624; 41.895310419 -87.628165458; 41.883500187 -87.627876698; 41.895310419 -87.628165458; 41.884640562 -87.629465296; 41.878586695 -87.630798574; 41.878586695 -87.630798574; 41.883175772 -87.641765096; 41.883500187 -87.627876698; 41.872645857 -87.625954624; 41.884640562 -87.629465296; 
