41.746860653 -87.715167573; 41.746860653 -87.715167573; 41.7779031 -87.769357507; 41.7779031 -87.769357507; 
41.666148365 -87.629485942; 41.655279923 -87.60512366; 41.666148365 -87.629485942; 41.696853377 -87.640095907; 41.696853377 -87.640095907; 
41.766282386 -87.571711585; 41.767666765 -87.568183507; 41.75997329 -87.568824692; 41.768502017 -87.587953755; 41.75997329 -87.568824692; 41.767666765 -87.568183507; 41.766282386 -87.571711585; 41.768502017 -87.587953755; 
41.767409474 -87.62121752; 41.758214815 -87.624119338; 41.747598268 -87.607170509; 41.758214815 -87.624119338; 41.747598268 -87.607170509; 
41.819920404 -87.702758744; 41.819920404 -87.702758744; 41.813187768 -87.669949774; 41.813187768 -87.669949774; 
41.930292267 -87.69546585; 41.90910313 -87.688417502; 41.90910313 -87.688417502; 41.910834932 -87.688451504; 41.929152384 -87.722013702; 41.929152384 -87.722013702; 41.907156166 -87.676567561; 41.910834932 -87.688451504; 41.930292267 -87.69546585; 41.907156166 -87.676567561; 
41.944510616 -87.650703788; 41.944510616 -87.650703788; 41.935432921 -87.668504341; 41.935432921 -87.668504341; 
41.82386008 -87.615162409; 41.833679765 -87.612645497; 41.833679765 -87.612645497; 41.82386008 -87.615162409; 
41.884845855 -87.624472307; 41.871371147 -87.627514417; 41.896010197 -87.63716028; 41.896010197 -87.63716028; 41.856294972 -87.62229526; 41.884845855 -87.624472307; 41.871371147 -87.627514417; 41.856294972 -87.62229526; 41.89912401 -87.629361363; 
41.872808042 -87.676357545; 41.871154572 -87.651165421; 41.872808042 -87.676357545; 41.871154572 -87.651165421; 41.882942418 -87.659287926; 41.882942418 -87.659287926; 
