41.720675898 -87.572704579; 41.758979387 -87.56710653; 41.720675898 -87.572704579; 41.758979387 -87.56710653; 
41.832329279 -87.616983146; 41.832240825 -87.613369823; 41.794344947 -87.615968735; 41.832329279 -87.616983146; 41.794344947 -87.615968735; 41.832240825 -87.613369823; 
41.697980205 -87.629084036; 41.721627204 -87.624485177; 41.721627204 -87.624485177; 41.697980205 -87.629084036; 41.756611329 -87.613398433; 
41.946598555 -87.727408706; 41.968986727 -87.731752631; 41.968986727 -87.731752631; 41.971471632 -87.74365854; 41.946598555 -87.727408706; 41.971471632 -87.74365854; 
41.900259319 -87.690038243; 41.905931505 -87.706887086; 41.924655285 -87.712932482; 41.924655285 -87.712932482; 41.905931505 -87.706887086; 41.900259319 -87.690038243; 
41.946163113 -87.662893753; 41.950615509 -87.649616689; 41.965702817 -87.672521229; 41.950615509 -87.649616689; 41.965702817 -87.672521229; 41.987407266 -87.694436213; 41.946163113 -87.662893753; 41.987407266 -87.694436213; 
41.872894484 -87.627560076; 41.8744151 -87.627609439; 41.8744151 -87.627609439; 41.872894484 -87.627560076; 
41.893676531 -87.635628328; 41.893676531 -87.635628328; 41.893179585 -87.634686145; 41.893179406 -87.634656764; 41.893179585 -87.634686145; 41.891051707 -87.63405559; 41.893179406 -87.634656764; 41.891051707 -87.63405559; 
41.890265219 -87.631089305; 41.890265219 -87.631089305; 41.890013771 -87.631705393; 41.890013771 -87.631705393; 
41.890051565 -87.62891376; 41.890053025 -87.628704402; 41.890053025 -87.628704402; 41.890053025 -87.628704402; 41.890051565 -87.62891376; 41.890053025 -87.628704402; 
