41.945144456 -87.654858055; 41.946159169 -87.655678044; 41.945144456 -87.654858055; 41.946159169 -87.655678044; 
41.657754236 -87.597626901; 41.692358646 -87.623096746; 41.702631618 -87.624583988; 41.718402496 -87.585075232; 41.657754236 -87.597626901; 41.702631618 -87.624583988; 41.692358646 -87.623096746; 41.718402496 -87.585075232; 41.696815744 -87.646167314; 
41.773510439 -87.623943531; 41.803885383 -87.618822181; 41.76587359 -87.576294705; 41.770846701 -87.60697068; 41.770846701 -87.60697068; 41.761640651 -87.606704317; 41.773510439 -87.623943531; 
41.785271399 -87.703318377; 41.79482699 -87.704816379; 41.785271399 -87.703318377; 41.78217371 -87.691040261; 
41.753451557 -87.665947517; 41.76136001 -87.65785687; 41.761360398 -87.657922841; 41.764247182 -87.671084615; 41.764247182 -87.671084615; 41.761360398 -87.657922841; 41.76136001 -87.65785687; 41.753451557 -87.665947517; 
41.885395339 -87.74188739; 41.885395339 -87.74188739; 41.902621761 -87.758255007; 
41.918613063 -87.713545831; 41.867181746 -87.716840426; 41.867181746 -87.716840426; 41.899544838 -87.701726211; 41.873510659 -87.720554136; 41.884933919 -87.716258488; 41.918613063 -87.713545831; 41.899544838 -87.701726211; 41.884933919 -87.716258488; 
41.872966504 -87.687359957; 41.865745746 -87.681903717; 41.881185703 -87.684956378; 41.894268987 -87.677004458; 41.872966504 -87.687359957; 41.894268987 -87.677004458; 41.881185703 -87.684956378; 
41.903931222 -87.629249781; 41.89476842 -87.636027812; 41.903931222 -87.629249781; 41.890034161 -87.630103892; 41.89476842 -87.636027812; 41.894821547 -87.632133928; 41.894821547 -87.632133928; 
41.897659761 -87.618887091; 41.895003278 -87.62152816; 41.897659761 -87.618887091; 41.895003278 -87.62152816; 
