41.930134827 -87.768635954; 41.936542581 -87.781615842; 41.936542581 -87.781615842; 41.930134827 -87.768635954; 
41.778795826 -87.714094715; 41.750017126 -87.721931591; 41.739561552 -87.740307195; 41.752691481 -87.724779434; 41.739561552 -87.740307195; 41.778795826 -87.714094715; 
41.72016235 -87.566868213; 41.736967088 -87.582027568; 41.736967088 -87.582027568; 41.72016235 -87.566868213; 41.751934578 -87.551193617; 41.739947015 -87.578200505; 41.759525194 -87.55928217; 41.739947015 -87.578200505; 41.758099309 -87.562718859; 
41.869335568 -87.661949521; 41.877532811 -87.672387519; 41.869335568 -87.661949521; 
41.780946398 -87.621995369; 41.761127676 -87.611526301; 41.761127676 -87.611526301; 41.780946398 -87.621995369; 41.799141876 -87.622579012; 41.799141876 -87.622579012; 
41.889951035 -87.750523865; 41.894898651 -87.75973838; 41.882317624 -87.759457988; 41.880102253 -87.773762272; 41.884865037 -87.755230327; 41.895540733 -87.753169016; 41.880102253 -87.773762272; 41.884865037 -87.755230327; 41.895540733 -87.753169016; 41.894898651 -87.75973838; 
41.813198456 -87.695579849; 41.80462016 -87.684368169; 41.813198456 -87.695579849; 
41.789753784 -87.671757218; 41.789753784 -87.671757218; 41.796956837 -87.668309189; 41.796956837 -87.668309189; 
41.866229446 -87.720935733; 41.842110378 -87.712291901; 41.859707899 -87.734763941; 41.858502718 -87.713976093; 41.866229446 -87.720935733; 41.860283914 -87.707931188; 41.866229446 -87.720935733; 41.845159738 -87.725203169; 41.842110378 -87.712291901; 41.859707899 -87.734763941; 
41.905778334 -87.726398891; 41.900885688 -87.721805866; 41.883583662 -87.715731653; 41.894561328 -87.707747485; 41.890977441 -87.711300919; 41.890977441 -87.711300919; 41.905778334 -87.726398891; 41.883583662 -87.715731653; 41.88366381 -87.728209353; 41.88366381 -87.728209353; 
