41.909023481 -87.794924093; 41.909023481 -87.794924093; 41.916983928 -87.806034147; 41.916983928 -87.806034147; 
41.686538762 -87.608289546; 41.686538762 -87.608289546; 41.704845663 -87.611258941; 41.704845663 -87.611258941; 
42.015736136 -87.698005588; 42.01325753 -87.680293897; 42.015736136 -87.698005588; 42.01325753 -87.680293897; 
41.804381651 -87.584710191; 41.804381651 -87.584710191; 41.754294131 -87.584475254; 41.748981969 -87.552845547; 41.771073064 -87.568278663; 41.754294131 -87.584475254; 41.748981969 -87.552845547; 41.771073064 -87.568278663; 
41.775147916 -87.7139575; 41.772554112 -87.706287619; 41.772554112 -87.706287619; 41.775147916 -87.7139575; 
41.767888734 -87.626835373; 41.759564326 -87.655837845; 41.767888734 -87.626835373; 41.767526249 -87.674360986; 41.767526249 -87.674360986; 41.759564326 -87.655837845; 41.739227264 -87.644923923; 41.739227264 -87.644923923; 
41.925324349 -87.739828388; 41.939222859 -87.716727742; 41.909493278 -87.711892686; 41.925324349 -87.739828388; 41.919395469 -87.7363927; 41.939222859 -87.716727742; 41.909493278 -87.711892686; 
41.874984214 -87.685533114; 41.895732399 -87.687784384; 41.874984214 -87.685533114; 41.895732399 -87.687784384; 
41.886575565 -87.662999319; 41.905957915 -87.663906017; 41.905957915 -87.663906017; 41.886575565 -87.662999319; 
41.922786529 -87.645045119; 41.932012618 -87.640940116; 41.932012618 -87.640940116; 41.911343842 -87.63471588; 41.922786529 -87.645045119; 41.911343842 -87.63471588; 
41.890032024 -87.630203077; 41.884333364 -87.619266937; 41.890053025 -87.628704402; 41.890051565 -87.62891376; 41.890053025 -87.628704402; 41.893676531 -87.635628328; 41.890013771 -87.631705393; 41.884333364 -87.619266937; 41.890032024 -87.630203077; 41.891051707 -87.63405559; 41.893676531 -87.635628328; 41.890051565 -87.62891376; 41.903931469 -87.629290187; 41.890013771 -87.631705393; 41.891051707 -87.63405559; 
