41.936306416 -87.7983994; 41.937238639 -87.805338072; 41.933545597 -87.782126793; 41.937238639 -87.805338072; 41.928076536 -87.785606186; 41.936306416 -87.7983994; 
41.651431574 -87.617230951; 41.743247503 -87.617941207; 41.758214815 -87.624119338; 41.687052611 -87.622452179; 41.721517324 -87.638849178; 41.75888559 -87.575306614; 41.707112071 -87.627537804; 41.799197912 -87.587271736; 41.758214815 -87.624119338; 41.736871185 -87.58879593; 41.786893119 -87.620642601; 41.817770227 -87.599481489; 41.82632683 -87.610295415; 41.742710224 -87.634088181; 41.782952338 -87.614478795; 41.722362598 -87.58382047; 41.713656164 -87.641797959; 41.651431574 -87.617230951; 41.75888559 -87.575306614; 41.729154867 -87.554536327; 41.782952338 -87.614478795; 41.801491341 -87.622637403; 41.671702032 -87.624875795; 41.713656164 -87.641797959; 
41.777795743 -87.725180084; 41.771146186 -87.722570475; 41.754878573 -87.722171321; 41.799486 -87.742945744; 41.778960594 -87.704014423; 41.771146186 -87.722570475; 
41.778680696 -87.664197479; 41.79486342 -87.664608602; 41.800415945 -87.664752589; 41.778680696 -87.664197479; 41.79486342 -87.664608602; 
41.919024647 -87.634668851; 41.919024647 -87.634668851; 41.913287141 -87.63477919; 41.913287141 -87.63477919; 
41.884494771 -87.648930297; 41.881203182 -87.647342333; 41.878840427 -87.639582928; 41.875820724 -87.647175913; 41.890119583 -87.645109451; 41.884494771 -87.648930297; 41.875820724 -87.647175913; 41.890119583 -87.645109451; 41.881203182 -87.647342333; 41.877822179 -87.655181405; 
41.945121424 -87.645911357; 41.971333566 -87.676283775; 41.965712601 -87.692152655; 41.963656175 -87.651032603; 41.968970511 -87.663412151; 41.971333566 -87.676283775; 41.973850553 -87.677820831; 
41.907740813 -87.665173177; 41.912406937 -87.680602833; 41.907740813 -87.665173177; 41.906276004 -87.670011875; 41.90773033 -87.673325168; 
41.936437542 -87.668545362; 41.933409775 -87.662259227; 41.925212606 -87.663638623; 41.936437542 -87.668545362; 
41.891899799 -87.634075722; 41.894408446 -87.634143853; 41.889227229 -87.630083361; 41.894408446 -87.634143853; 41.891899799 -87.634075722; 
41.890455604 -87.6241128; 41.890455604 -87.6241128; 41.890874241 -87.627476039; 41.888165132 -87.622937212; 41.892060319 -87.622673686; 41.892060319 -87.622673686; 
