41.973167821 -87.713495268; 41.949025931 -87.70421559; 41.973167821 -87.713495268; 41.949025931 -87.70421559; 
41.786786618 -87.735219059; 41.798433922 -87.711037767; 41.798433922 -87.711037767; 41.796398165 -87.706084587; 41.796398165 -87.706084587; 41.786786618 -87.735219059; 
41.803182414 -87.661499926; 41.79329893 -87.66456619; 41.791961574 -87.649959547; 41.760426043 -87.686796556; 41.808094083 -87.657655924; 41.782176246 -87.665495742; 41.760426043 -87.686796556; 41.782176246 -87.665495742; 41.79329893 -87.66456619; 41.791961574 -87.649959547; 41.778356739 -87.675100697; 41.803182414 -87.661499926; 
41.872220861 -87.653272619; 41.859518628 -87.653425576; 41.872220861 -87.653272619; 41.852568899 -87.651821758; 41.852568899 -87.651821758; 41.859518628 -87.653425576; 
41.943122315 -87.649365938; 41.9411554 -87.643061268; 41.943122315 -87.649365938; 41.9411554 -87.643061268; 
41.989433412 -87.655366388; 41.973739936 -87.668131844; 41.968596206 -87.654815176; 41.968596206 -87.654815176; 
41.87227988 -87.629365941; 41.874086805 -87.62599014; 41.87227988 -87.629365941; 41.874086805 -87.62599014; 
41.86724898 -87.640079073; 41.878931004 -87.639585621; 41.878931004 -87.639585621; 41.86724898 -87.640079073; 
41.69073279 -87.626461055; 41.699262474 -87.617202219; 41.705896078 -87.623486111; 41.699262474 -87.617202219; 
41.737697412 -87.601210874; 41.737697412 -87.601210874; 41.732653947 -87.585111353; 41.72956337 -87.551245239; 41.761906875 -87.592102276; 41.732653947 -87.585111353; 41.761906875 -87.592102276; 
