41.786552107 -87.722981621; 41.787406786 -87.70337814; 41.787406786 -87.70337814; 41.786552107 -87.722981621; 
42.017494798 -87.700424235; 42.011956111 -87.663038536; 42.007891717 -87.666764317; 41.984705597 -87.660102444; 41.984705597 -87.660102444; 42.007891717 -87.666764317; 
41.754937343 -87.56386716; 41.752229535 -87.597934356; 41.774838063 -87.664090778; 41.758338193 -87.583475305; 41.743868433 -87.562467655; 41.727015468 -87.599749596; 41.757630995 -87.585708249; 41.774838063 -87.664090778; 41.752229535 -87.597934356; 41.779220641 -87.649632877; 41.771043625 -87.621331292; 41.808079308 -87.658877515; 41.754588582 -87.594348789; 41.754350364 -87.612577107; 41.808079308 -87.658877515; 
41.80012271 -87.603933527; 41.812158238 -87.621290652; 41.812158238 -87.621290652; 41.823320055 -87.623203203; 41.824675709 -87.617013434; 41.80012271 -87.603933527; 
41.906276004 -87.670011875; 41.90172667 -87.682103813; 41.90172667 -87.682103813; 41.884526106 -87.680229348; 41.90982859 -87.677447594; 41.884526106 -87.680229348; 
41.927894945 -87.652185523; 41.925428195 -87.650389118; 41.923005158 -87.645351431; 41.925428195 -87.650389118; 41.927894945 -87.652185523; 
41.885369466 -87.63243193; 41.885369466 -87.63243193; 41.88922516 -87.630193562; 41.884144784 -87.636819048; 41.884144784 -87.636819048; 
41.891694878 -87.626155832; 41.891694878 -87.626155832; 41.896065069 -87.625486884; 41.893298918 -87.626384218; 41.893298918 -87.626384218; 
41.882389156 -87.624374606; 41.882389156 -87.624374606; 41.884162337 -87.624439467; 41.884162337 -87.624439467; 
41.882394062 -87.627844798; 41.881475571 -87.626195083; 41.881663579 -87.62776103; 41.88171846 -87.627760426; 41.88171846 -87.627760426; 41.881475571 -87.626195083; 
