41.678519693 -87.662497935; 41.693022265 -87.627915204; 41.684160442 -87.66269195; 41.693416813 -87.639986351; 
41.909823499 -87.773984044; 41.894045637 -87.746788035; 41.887216076 -87.755620452; 41.900945454 -87.754515945; 41.909823499 -87.773984044; 41.887216076 -87.755620452; 41.894045637 -87.746788035; 
41.859637981 -87.66440403; 41.828340201 -87.690938565; 41.787695799 -87.696071016; 41.833850263 -87.672004168; 41.810740003 -87.675220451; 41.786279544 -87.665596162; 41.786279544 -87.665596162; 41.810740003 -87.675220451; 41.828340201 -87.690938565; 41.809445968 -87.67496226; 
41.863670313 -87.729987524; 41.884561956 -87.696383641; 41.860811039 -87.714559531; 41.862846881 -87.716015688; 41.860811039 -87.714559531; 41.863670313 -87.729987524; 41.884561956 -87.696383641; 
41.939923405 -87.668667203; 41.941760512 -87.685688333; 41.939923405 -87.668667203; 41.941760512 -87.685688333; 41.939923405 -87.668667203; 
41.75089628 -87.627769334; 41.75089655 -87.627813307; 41.739265865 -87.604893749; 41.75607754 -87.64404753; 41.753539487 -87.644118665; 41.75607754 -87.64404753; 
41.756296113 -87.583425777; 41.75652833 -87.592570988; 41.75652833 -87.592570988; 
41.936539 -87.642956689; 41.936539 -87.642956689; 41.926752802 -87.642448526; 41.908849952 -87.646645976; 41.948602785 -87.648031778; 41.918060119 -87.65644204; 41.948602785 -87.648031778; 
41.892753031 -87.624193896; 41.896685066 -87.627683859; 41.892509386 -87.626069718; 41.892753031 -87.624193896; 41.896685066 -87.627683859; 41.893140033 -87.624204307; 41.894949856 -87.62353785; 41.891037284 -87.618343879; 41.894949856 -87.62353785; 
41.880830829 -87.623995243; 41.879069903 -87.627701434; 41.879097968 -87.632283818; 41.885389294 -87.626265771; 41.882394062 -87.627844798; 41.880830829 -87.623995243; 41.879862191 -87.629359838; 41.882394062 -87.627844798; 
