41.908430535 -87.638509526; 41.92415789 -87.646294447; 41.908430535 -87.638509526; 41.92415789 -87.646294447; 
41.866843668 -87.625816668; 41.861569119 -87.62402095; 41.844026941 -87.622100808; 41.844026941 -87.622100808; 41.866843668 -87.625816668; 
41.949837364 -87.658635101; 41.942232714 -87.652518129; 41.943632409 -87.648390093; 41.943820925 -87.653791418; 41.943820925 -87.653791418; 
41.992308319 -87.658922449; 41.987370484 -87.654556993; 41.972013219 -87.654896586; 41.987370484 -87.654556993; 41.972013219 -87.654896586; 41.992308319 -87.658922449; 41.962398697 -87.646324994; 
41.755931648 -87.657367707; 41.744124604 -87.663281208; 41.795145644 -87.670689613; 41.775032346 -87.667773179; 41.771203087 -87.659135646; 41.766563171 -87.644448488; 41.771204571 -87.687091578; 41.80850486 -87.67643176; 41.766563171 -87.644448488; 41.771204571 -87.687091578; 41.753252722 -87.667151648; 41.753252722 -87.667151648; 41.795145644 -87.670689613; 41.755931648 -87.657367707; 41.744124604 -87.663281208; 
41.85435437 -87.728577473; 41.858459065 -87.721189746; 41.858459065 -87.721189746; 41.85435437 -87.728577473; 
41.727343012 -87.579128421; 41.751221201 -87.562584913; 41.714748063 -87.571858813; 41.745324922 -87.601380733; 41.714748063 -87.571858813; 41.727343012 -87.579128421; 
41.788495114 -87.617445696; 41.788495114 -87.617445696; 41.774093686 -87.607047693; 41.774093686 -87.607047693; 
41.866644572 -87.666379591; 41.875155116 -87.667906709; 41.866644572 -87.666379591; 41.875155116 -87.667906709; 
41.879296357 -87.692055183; 41.879296357 -87.692055183; 41.87756161 -87.685143563; 41.87756161 -87.685143563; 
41.897636905 -87.728617403; 41.917081537 -87.733129516; 41.932027273 -87.70805773; 41.927760974 -87.70722846; 41.926379839 -87.719791226; 41.926379839 -87.719791226; 41.91901109 -87.725373305; 41.91901109 -87.725373305; 41.932027273 -87.70805773; 
41.889896392 -87.722582787; 41.885732373 -87.711149817; 41.885732373 -87.711149817; 41.889896392 -87.722582787; 
