41.72428831 -87.636002337; 41.752406801 -87.633792381; 41.742710224 -87.634088181; 41.752406801 -87.633792381; 41.72275081 -87.628692734; 41.736264617 -87.627929503; 41.72275081 -87.628692734; 
41.739265865 -87.604893749; 41.739265865 -87.604893749; 41.750409276 -87.599098513; 41.739265865 -87.604893749; 
41.757457948 -87.586106086; 41.757630995 -87.585708249; 41.757630995 -87.585708249; 41.757457948 -87.586106086; 
41.810232303 -87.624484882; 41.808589737 -87.602784771; 41.810232303 -87.624484882; 41.805077058 -87.618046039; 
41.811551206 -87.665047641; 41.800960651 -87.657477808; 41.800960651 -87.657477808; 41.811551206 -87.665047641; 
41.782448202 -87.683730159; 41.782036907 -87.670340621; 41.782448202 -87.683730159; 41.782036907 -87.670340621; 
41.921098715 -87.694407322; 41.921098715 -87.694407322; 41.917353237 -87.710967689; 41.917353237 -87.710967689; 41.910066171 -87.71075927; 
41.865609927 -87.732495118; 41.865609927 -87.732495118; 41.877910567 -87.731094721; 41.882984923 -87.721792976; 41.873287328 -87.720357997; 41.877910567 -87.731094721; 41.882984923 -87.721792976; 41.894272651 -87.726052394; 
41.850703967 -87.722254702; 41.854952592 -87.706562587; 41.856790413 -87.708424071; 41.856790413 -87.708424071; 41.850703967 -87.722254702; 
41.916725547 -87.636567764; 41.910004178 -87.640979624; 41.910004178 -87.640979624; 41.916725547 -87.636567764; 41.917264383 -87.635371456; 
41.911162709 -87.668928925; 41.910610256 -87.669254278; 41.910610256 -87.669254278; 41.911162709 -87.668928925; 
41.900136842 -87.674725736; 41.895896023 -87.677913394; 41.895896023 -87.677913394; 41.900136842 -87.674725736; 
41.891179152 -87.647911383; 41.883163417 -87.644732419; 41.883163417 -87.644732419; 
41.884335468 -87.619164088; 41.884335468 -87.619164088; 41.884335468 -87.619164088; 
41.890283192 -87.63403459; 41.893770161 -87.631179463; 41.896625721 -87.631882791; 41.896625721 -87.631882791; 41.890283192 -87.63403459; 41.889745245 -87.634022095; 41.890013524 -87.631664996; 41.895970171 -87.634185587; 41.893770161 -87.631179463; 41.890013524 -87.631664996; 41.890829171 -87.630418369; 
41.886146944 -87.624524028; 41.885727816 -87.625979262; 41.886146944 -87.624524028; 
41.892753031 -87.624193896; 41.892753031 -87.624193896; 41.892042096 -87.624165033; 41.88946287 -87.624222942; 41.892042096 -87.624165033; 41.88946287 -87.624222942; 
