41.744907503 -87.608695893; 41.736259984 -87.628068782; 41.726781501 -87.622340416; 41.736531943 -87.612633478; 41.744907503 -87.608695893; 
41.950884013 -87.718957079; 41.956454556 -87.727697707; 41.950884013 -87.718957079; 41.956454556 -87.727697707; 
41.794343246 -87.623647843; 41.777950128 -87.602831987; 41.794343246 -87.623647843; 41.777950128 -87.602831987; 
41.776958985 -87.649572577; 41.785766649 -87.668010507; 41.776958985 -87.649572577; 41.791350864 -87.654802831; 41.791350864 -87.654802831; 
41.779176188 -87.689434991; 41.769102111 -87.689477091; 41.776832515 -87.683577859; 41.769102111 -87.689477091; 41.776832515 -87.683577859; 
41.885157416 -87.660759303; 41.883641965 -87.648579514; 41.886123755 -87.66883587; 41.886123755 -87.66883587; 41.858681321 -87.667424109; 41.873335841 -87.662744807; 41.88136236 -87.647344302; 41.858681321 -87.667424109; 41.869112544 -87.676053939; 41.883626428 -87.664098784; 41.866908256 -87.662180514; 41.885157416 -87.660759303; 
41.891694878 -87.626155832; 41.887856357 -87.626264274; 41.888081232 -87.628024615; 41.895692026 -87.627298109; 41.891199446 -87.624137626; 41.891694878 -87.626155832; 41.891694878 -87.626155832; 41.895692026 -87.627298109; 41.891694878 -87.626155832; 41.887856357 -87.626264274; 
41.87914676 -87.62770426; 41.883500187 -87.627876698; 41.882076985 -87.626709904; 41.882076985 -87.626709904; 41.88033698 -87.629365643; 41.88233367 -87.627841791; 41.883500187 -87.627876698; 41.88233367 -87.627841791; 
41.934668309 -87.680640508; 41.929851267 -87.667099676; 41.943930993 -87.671220661; 41.934668309 -87.680640508; 
41.947254789 -87.653471904; 41.918929521 -87.652177995; 41.918929521 -87.652177995; 41.935088625 -87.64180728; 41.937227668 -87.644305471; 41.920723123 -87.665063477; 41.928387232 -87.642717529; 41.937227668 -87.644305471; 41.937227668 -87.644305471; 41.937227668 -87.644305471; 
