41.765698047 -87.722438871; 41.799520795 -87.723342683; 41.748060338 -87.741302702; 41.799520795 -87.723342683; 41.810449722 -87.745680535; 41.810449722 -87.745680535; 
41.909636288 -87.745300725; 41.895025738 -87.744722215; 41.90844653 -87.746079452; 41.909636288 -87.745300725; 41.909664252 -87.742728815; 41.90844653 -87.746079452; 
41.961211658 -87.77338041; 41.961211658 -87.77338041; 41.981794681 -87.774807362; 41.977043475 -87.76899404; 41.981794681 -87.774807362; 41.977043475 -87.76899404; 
41.986108117 -87.66014284; 41.990451915 -87.697642785; 41.994749284 -87.671893435; 41.963769905 -87.707104001; 42.007311233 -87.682772082; 42.021178195 -87.672311469; 41.986066128 -87.728520584; 41.969640092 -87.676231311; 41.969640092 -87.676231311; 41.986066128 -87.728520584; 41.986108117 -87.66014284; 41.990451915 -87.697642785; 
41.749657947 -87.66342156; 41.749657947 -87.66342156; 41.747851897 -87.66337071; 41.747851897 -87.66337071; 
41.740113452 -87.567275889; 41.765113547 -87.590184957; 41.765755571 -87.576292427; 41.790894592 -87.604940233; 41.739265865 -87.604893749; 41.739265865 -87.604893749; 41.779743198 -87.645227698; 41.756633742 -87.56147562; 41.808734459 -87.632622365; 41.765755571 -87.576292427; 41.730087889 -87.550491518; 41.790894592 -87.604940233; 41.756633742 -87.56147562; 41.808734459 -87.632622365; 41.791319066 -87.659658298; 41.759510773 -87.621561418; 
41.843016958 -87.61722727; 41.853828887 -87.620685495; 41.853828887 -87.620685495; 41.843016958 -87.61722727; 
41.912278884 -87.678836975; 41.903653785 -87.694434341; 41.912278884 -87.678836975; 41.925098106 -87.672293669; 41.909097275 -87.674336065; 41.925098106 -87.672293669; 41.901219729 -87.663154731; 
41.885843785 -87.677898631; 41.870910741 -87.680026509; 41.885843785 -87.677898631; 41.870910741 -87.680026509; 
41.897628634 -87.620944369; 41.897837503 -87.624097243; 41.896726821 -87.624660488; 41.897628634 -87.620944369; 41.897837503 -87.624097243; 41.894173733 -87.621401474; 
41.884650262 -87.627915459; 41.884650262 -87.627915459; 41.883500187 -87.627876698; 41.883500187 -87.627876698; 41.884792337 -87.630947262; 41.883691561 -87.650918236; 41.882457198 -87.627847776; 41.884491256 -87.627494889; 41.882457198 -87.627847776; 41.881031663 -87.641167624; 41.881031663 -87.641167624; 41.884491256 -87.627494889; 
