41.736269116 -87.627768243; 41.76783464 -87.662682637; 41.750223119 -87.6738307; 41.740918989 -87.631967753; 41.740918989 -87.631967753; 41.755535035 -87.653868149; 
41.806636308 -87.703934376; 41.777790397 -87.719017165; 41.806636308 -87.703934376; 
41.9116839 -87.745917518; 41.880751096 -87.723855981; 41.872844348 -87.699418975; 41.900710954 -87.734472989; 41.872844348 -87.699418975; 41.930739415 -87.758851443; 41.924248208 -87.74561855; 41.909664252 -87.742728815; 
41.969107389 -87.653552149; 41.969107389 -87.653552149; 41.940021285 -87.645679447; 41.984109031 -87.660855375; 41.965800334 -87.67612369; 41.963070794 -87.655984213; 
41.818418223 -87.604709124; 41.797936811 -87.606301777; 41.797936811 -87.606301777; 41.818418223 -87.604709124; 
41.900129282 -87.66251597; 41.900129282 -87.66251597; 41.884103402 -87.67492715; 41.884103402 -87.67492715; 
41.925098106 -87.672293669; 41.923829044 -87.699326093; 41.918687979 -87.652169541; 41.906962748 -87.701271041; 41.906962748 -87.701271041; 41.915728828 -87.691065985; 41.908559532 -87.683022601; 
41.88030381 -87.636978269; 41.883743485 -87.641252197; 41.878048051 -87.639246333; 41.878048051 -87.639246333; 
41.875272573 -87.624251314; 41.875729379 -87.624011267; 41.871811902 -87.627340674; 41.871811902 -87.627340674; 41.867414944 -87.627231186; 41.869047845 -87.624125523; 41.875729379 -87.624011267; 
41.882394062 -87.627844798; 41.885741029 -87.631711749; 41.882470918 -87.627847625; 41.881663579 -87.62776103; 41.884790951 -87.624469241; 41.885741029 -87.631711749; 41.882470918 -87.627847625; 
