41.725882802 -87.558063291; 41.748215874 -87.557237632; 41.748215874 -87.557237632; 41.725882802 -87.558063291; 
41.886018055 -87.633937881; 41.900064707 -87.620814442; 41.892631803 -87.618362824; 41.892631803 -87.618362824; 41.900064707 -87.620814442; 
41.697603447 -87.619615366; 41.721347217 -87.65215149; 41.697603447 -87.619615366; 41.721347217 -87.65215149; 
41.794766069 -87.618369729; 41.794766069 -87.618369729; 41.817823758 -87.609213474; 41.795344025 -87.615994266; 41.812520641 -87.609896806; 41.831101673 -87.617716013; 41.777577536 -87.615558035; 41.831101673 -87.617716013; 41.817460919 -87.626298122; 41.817823758 -87.609213474; 
41.945058796 -87.727360797; 41.945058796 -87.727360797; 41.957134902 -87.738680369; 41.957134902 -87.738680369; 
41.773134636 -87.671330472; 41.771376143 -87.667635014; 41.771376143 -87.667635014; 41.765958707 -87.66382384; 41.761914188 -87.680616507; 
41.779653803 -87.651406457; 41.780125453 -87.642616816; 41.779653803 -87.651406457; 41.780125453 -87.642616816; 41.775232563 -87.64952859; 41.775232563 -87.64952859; 
41.79510225 -87.652474911; 41.7895617 -87.663237275; 41.7895617 -87.663237275; 41.79510225 -87.652474911; 41.806827368 -87.66159389; 41.789605559 -87.671751408; 41.789605559 -87.671751408; 41.806827368 -87.66159389; 
41.901446246 -87.725044057; 41.902225727 -87.725066045; 41.891699912 -87.72527243; 41.902225727 -87.725066045; 
41.860203161 -87.706709547; 41.850587211 -87.734474598; 41.877010678 -87.731661301; 41.849868508 -87.711802114; 41.850587211 -87.734474598; 41.872924943 -87.744991122; 41.849868508 -87.711802114; 41.860203161 -87.706709547; 
