41.725789447 -87.598997917; 41.74930321 -87.614267988; 41.777967289 -87.615568353; 41.742710224 -87.634088181; 41.795191528 -87.588157998; 41.749014122 -87.588278181; 41.827318885 -87.607033458; 41.760067375 -87.556666012; 41.730087889 -87.550491518; 41.74151952 -87.581970838; 41.74151952 -87.581970838; 41.777967289 -87.615568353; 41.742710224 -87.634088181; 41.730087889 -87.550491518; 41.742710224 -87.634088181; 41.707756212 -87.580708771; 41.795191528 -87.588157998; 
41.783041707 -87.669457632; 41.769602915 -87.683379552; 41.829281855 -87.6265203; 41.823334783 -87.621592419; 41.809860998 -87.645565723; 41.784328208 -87.653406567; 41.798519354 -87.664702622; 41.808052976 -87.674675749; 41.798519354 -87.664702622; 
41.907696876 -87.755178676; 41.880717437 -87.726309284; 41.86640116 -87.705973505; 41.882173245 -87.74288657; 41.849030183 -87.701500311; 41.851487339 -87.728714593; 41.863504338 -87.721438987; 41.851487339 -87.728714593; 41.882173245 -87.74288657; 41.880717437 -87.726309284; 41.891710173 -87.762007292; 41.880685678 -87.729133452; 
41.95077567 -87.723858425; 41.937503095 -87.709268575; 41.95077567 -87.723858425; 41.954828904 -87.711581135; 
41.910861561 -87.651727396; 41.910533752 -87.653832316; 41.910861561 -87.651727396; 41.910533752 -87.653832316; 
41.935973285 -87.674651172; 41.9471781 -87.657214823; 41.936245714 -87.670965708; 41.935973285 -87.674651172; 41.930049492 -87.685920733; 
41.939520412 -87.646816882; 41.937058463 -87.639448474; 41.93374417 -87.644581852; 41.923786819 -87.638442148; 
41.886396899 -87.662479699; 41.88476747 -87.65884275; 41.885455068 -87.660040064; 41.885455068 -87.660040064; 41.886396899 -87.662479699; 
41.887274976 -87.624548283; 41.878638996 -87.627691486; 41.882381731 -87.629412971; 41.880579428 -87.627732563; 41.895996468 -87.625487641; 41.878638996 -87.627691486; 41.880366516 -87.6243529; 
41.89361798 -87.634123092; 41.895979595 -87.631232395; 41.893983414 -87.634648001; 41.890900247 -87.639397357; 41.893983414 -87.634648001; 
