41.770020864 -87.6913338; 41.756640447 -87.663590843; 41.786735319 -87.665162422; 41.756640447 -87.663590843; 41.770434611 -87.659590924; 41.769916749 -87.663954978; 41.770434611 -87.659590924; 41.769916749 -87.663954978; 
41.928076536 -87.785606186; 41.928076536 -87.785606186; 41.948805233 -87.762824809; 41.930966067 -87.787305049; 41.930966067 -87.787305049; 
41.742710224 -87.634088181; 41.742710224 -87.634088181; 41.742710224 -87.634088181; 41.742710224 -87.634088181; 
41.739265865 -87.604893749; 41.757614433 -87.586115266; 41.737473519 -87.604844389; 41.757614433 -87.586115266; 41.76006829 -87.562097869; 
41.949475363 -87.721363729; 41.963576445 -87.739911062; 41.949475363 -87.721363729; 41.923169552 -87.732855662; 41.963576445 -87.739911062; 
41.911910115 -87.709209328; 41.896358373 -87.686859824; 41.91027426 -87.69123823; 41.91027426 -87.69123823; 41.903866454 -87.690744072; 41.896358373 -87.686859824; 41.911910115 -87.709209328; 
41.879509982 -87.626525207; 41.886817001 -87.629059469; 41.883475491 -87.627876969; 41.874387379 -87.627117728; 41.886817001 -87.629059469; 41.879509982 -87.626525207; 
41.922585111 -87.646237829; 41.924354357 -87.639718434; 41.922585111 -87.646237829; 41.924354357 -87.639718434; 41.915259074 -87.634136763; 41.922856023 -87.638812353; 
41.932185741 -87.653841433; 41.940060326 -87.643495765; 41.937227668 -87.644305471; 41.937227668 -87.644305471; 41.940060326 -87.643495765; 41.939138269 -87.645325062; 41.940432128 -87.651067063; 41.937227668 -87.644305471; 41.93859561 -87.649576033; 41.939138269 -87.645325062; 
41.891412551 -87.647934597; 41.891710139 -87.645841619; 41.891710139 -87.645841619; 41.891412551 -87.647934597; 
41.885766506 -87.658865293; 41.889842586 -87.669851379; 41.885766506 -87.658865293; 41.889842586 -87.669851379; 
