41.963605639 -87.78324293; 41.952902336 -87.787661949; 41.952902336 -87.787661949; 41.979962633 -87.806978658; 41.979962633 -87.806978658; 
41.808634077 -87.645527495; 41.796997111 -87.651306977; 41.808147803 -87.664961971; 41.796997111 -87.651306977; 41.808634077 -87.645527495; 41.808147803 -87.664961971; 
41.863803506 -87.721447148; 41.85455332 -87.734599109; 41.863803506 -87.721447148; 41.85455332 -87.734599109; 41.845129574 -87.727284398; 41.875944838 -87.743623197; 
41.746913851 -87.614855318; 41.73745431 -87.604844606; 41.73745431 -87.604844606; 41.746913851 -87.614855318; 
41.753479344 -87.668373369; 41.761126784 -87.643088168; 41.761126784 -87.643088168; 41.753479344 -87.668373369; 41.745926278 -87.662111843; 
41.983646698 -87.713776155; 41.955447209 -87.730262355; 41.931962854 -87.712876373; 41.993790014 -87.7129016; 41.983646698 -87.713776155; 41.993790014 -87.7129016; 
41.883500187 -87.627876698; 41.883475491 -87.627876969; 41.89420693 -87.637110078; 41.884650262 -87.627915459; 41.871520566 -87.625930316; 41.887338112 -87.624551258; 41.871520566 -87.625930316; 41.883475491 -87.627876969; 41.883500187 -87.627876698; 41.887338112 -87.624551258; 41.883500187 -87.627876698; 41.897895128 -87.624096605; 41.897895128 -87.624096605; 41.89420693 -87.637110078; 
41.909804314 -87.651606387; 41.918133197 -87.651631649; 41.899052448 -87.65858225; 41.928972357 -87.641450731; 41.920860146 -87.651033088; 41.93512615 -87.639384889; 41.920860146 -87.651033088; 41.899052448 -87.65858225; 41.909804314 -87.651606387; 41.928972357 -87.641450731; 41.918133197 -87.651631649; 
41.902987966 -87.690194524; 41.902987966 -87.690194524; 41.905349885 -87.689549991; 
41.910421878 -87.680913289; 41.911272493 -87.668931461; 41.910499348 -87.676691266; 41.910421878 -87.680913289; 41.911272493 -87.668931461; 41.910499348 -87.676691266; 41.902351272 -87.672785483; 
