42.010955076 -87.662670047; 41.990271837 -87.660275533; 41.990271837 -87.660275533; 42.010955076 -87.662670047; 
41.769288733 -87.689478891; 41.799666254 -87.723344971; 41.769288733 -87.689478891; 41.799666254 -87.723344971; 
41.852735722 -87.701144508; 41.857166345 -87.713482419; 41.857166345 -87.713482419; 41.86378192 -87.72877132; 41.86378192 -87.72877132; 
41.686312234 -87.633729027; 41.65732367 -87.605865452; 41.686312234 -87.633729027; 41.676005238 -87.620450694; 
41.95347181 -87.743552438; 41.97255461 -87.750992325; 41.95347181 -87.743552438; 41.97255461 -87.750992325; 
41.92689683 -87.707281007; 41.945238279 -87.712670479; 41.945238279 -87.712670479; 41.949455604 -87.703001937; 
41.804823004 -87.616471717; 41.777522654 -87.615558647; 41.804823004 -87.616471717; 41.777522654 -87.615558647; 
41.736930377 -87.584391221; 41.750832464 -87.605224746; 41.745230349 -87.605068182; 41.744945058 -87.603788876; 41.739265865 -87.604893749; 41.744945058 -87.603788876; 41.739265865 -87.604893749; 41.736930377 -87.584391221; 41.736259984 -87.628068782; 
41.901644631 -87.671117729; 41.919578459 -87.6368417; 41.908849952 -87.646645976; 41.932191946 -87.64474923; 41.919578459 -87.6368417; 41.910533752 -87.653832316; 41.908849952 -87.646645976; 41.910533752 -87.653832316; 41.902141327 -87.662605111; 41.901644631 -87.671117729; 
41.899410159 -87.624131266; 41.900867168 -87.622770724; 41.900867168 -87.622770724; 41.899410159 -87.624131266; 41.897895128 -87.624096605; 
41.895002822 -87.621454706; 41.895003278 -87.62152816; 41.895002822 -87.621454706; 41.895003278 -87.62152816; 
