41.682919425 -87.668734267; 41.693082032 -87.657963912; 41.693082032 -87.657963912; 41.682919425 -87.668734267; 
41.758526554 -87.60855003; 41.758526554 -87.60855003; 41.770417178 -87.623427739; 41.783209684 -87.615696882; 
41.758996747 -87.565596274; 41.754723038 -87.566292236; 41.758996747 -87.565596274; 41.754723038 -87.566292236; 41.756239068 -87.552614689; 
41.707266424 -87.540122354; 41.72055152 -87.53891138; 41.72055152 -87.53891138; 41.707266424 -87.540122354; 
41.812716112 -87.704157314; 41.847154968 -87.718530183; 41.812716112 -87.704157314; 41.847154968 -87.718530183; 
41.927017559 -87.732970244; 41.927017559 -87.732970244; 41.902718419 -87.720697381; 41.902718419 -87.720697381; 
41.923573707 -87.798509445; 41.923573707 -87.798509445; 41.939940648 -87.823936031; 41.939940648 -87.823936031; 
41.876583887 -87.760357494; 41.911568776 -87.765584963; 41.911568776 -87.765584963; 41.895080471 -87.765400451; 41.9029858 -87.766898945; 41.865389461 -87.734945909; 41.9029858 -87.766898945; 41.876583887 -87.760357494; 
41.92975312 -87.643051915; 41.907153315 -87.639680572; 41.939136428 -87.645475777; 41.943658379 -87.64676514; 41.939136428 -87.645475777; 41.943658379 -87.64676514; 41.92975312 -87.643051915; 41.907153315 -87.639680572; 41.910728167 -87.660751778; 
41.920690599 -87.683299951; 41.924158759 -87.699399996; 41.92735143 -87.704597631; 41.92735143 -87.704597631; 
