41.770942948 -87.591114787; 41.761521751 -87.563583242; 41.761521751 -87.563583242; 41.765131921 -87.587937781; 
41.732699031 -87.623355946; 41.749657947 -87.66342156; 41.711361257 -87.657369735; 41.732699031 -87.623355946; 41.711361257 -87.657369735; 
41.991790505 -87.694572627; 41.946653772 -87.701007788; 41.974719649 -87.714763677; 41.991790505 -87.694572627; 41.974719649 -87.714763677; 41.946653772 -87.701007788; 
41.923670468 -87.786426561; 41.926385826 -87.785550828; 41.923670468 -87.786426561; 41.926385826 -87.785550828; 
41.894860447 -87.764194002; 41.909664252 -87.742728815; 41.909664252 -87.742728815; 41.894860447 -87.764194002; 41.882478083 -87.72816913; 41.909509901 -87.754996996; 41.909509901 -87.754996996; 
41.909270561 -87.64722927; 41.907469685 -87.648497597; 41.907469685 -87.648497597; 41.907153315 -87.639680572; 
41.90316534 -87.629210442; 41.896943556 -87.624206307; 41.90316534 -87.629210442; 41.896943556 -87.624206307; 
41.890026265 -87.630607132; 41.893983593 -87.634677382; 41.893983593 -87.634677382; 41.890026265 -87.630607132; 
41.883500187 -87.627876698; 41.883500187 -87.627876698; 41.883500187 -87.627876698; 41.883500187 -87.627876698; 
41.88171846 -87.627760426; 41.88171846 -87.627760426; 41.882394062 -87.627844798; 41.882394062 -87.627844798; 
