41.923672617 -87.786301606; 41.928076536 -87.785606186; 41.928076536 -87.785606186; 41.928076536 -87.785606186; 41.928076536 -87.785606186; 41.911361926 -87.798523225; 
41.79772009 -87.617676767; 41.823879333 -87.613415811; 41.736491541 -87.615385513; 41.720848741 -87.625079813; 41.695768098 -87.612239266; 41.79772009 -87.617676767; 41.781404979 -87.613231153; 41.793508827 -87.619194139; 41.750940757 -87.625185222; 41.77268594 -87.605758495; 41.823879333 -87.613415811; 41.793508827 -87.619194139; 
41.743733932 -87.705879218; 41.756640447 -87.663590843; 41.756640447 -87.663590843; 41.77304614 -87.692014832; 41.77304614 -87.692014832; 41.784041415 -87.713307256; 41.743319972 -87.707971893; 41.743733932 -87.705879218; 41.784041415 -87.713307256; 41.780518645 -87.690994449; 
41.844580682 -87.701808336; 41.827373751 -87.682568055; 41.844580682 -87.701808336; 41.827373751 -87.682568055; 41.836009921 -87.719447836; 41.836009921 -87.719447836; 
41.895363905 -87.726390989; 41.866215831 -87.721985854; 41.895363905 -87.726390989; 
41.93791173 -87.727149134; 41.953443342 -87.744957048; 41.965207952 -87.725500547; 41.960211239 -87.708216117; 41.93791173 -87.727149134; 
41.935879722 -87.682304089; 41.919586541 -87.69192752; 41.935879722 -87.682304089; 
41.909804554 -87.651646796; 41.90444518 -87.661912424; 41.918334167 -87.638008954; 41.908570145 -87.652192619; 41.909804554 -87.651646796; 41.906297608 -87.650291815; 41.90444518 -87.661912424; 
41.883500187 -87.627876698; 41.882394062 -87.627844798; 41.883500187 -87.627876698; 41.88171846 -87.627760426; 41.885877917 -87.626289762; 41.885877917 -87.626289762; 
41.893349463 -87.623456403; 41.898767916 -87.624116333; 41.898767916 -87.624116333; 41.893303118 -87.62617482; 
