41.756057234 -87.654929158; 41.756057234 -87.654929158; 41.756094931 -87.644659401; 41.756094931 -87.644659401; 41.706237463 -87.624551711; 41.750491135 -87.600314257; 41.750491135 -87.600314257; 41.706237463 -87.624551711; 
41.795089883 -87.720458244; 41.785754489 -87.703335648; 41.795089883 -87.720458244; 41.785754489 -87.703335648; 
41.97811841 -87.661786349; 41.97811841 -87.661786349; 42.009486869 -87.662188734; 42.009486869 -87.662188734; 
41.977871771 -87.757846944; 41.959725161 -87.754193873; 41.959725161 -87.754193873; 41.977871771 -87.757846944; 
41.923474139 -87.729189248; 41.9250002 -87.691311074; 41.9250002 -87.691311074; 41.923474139 -87.729189248; 
41.885352119 -87.665909625; 41.882138205 -87.682574502; 41.886521117 -87.66590113; 41.885352119 -87.665909625; 41.886521117 -87.66590113; 41.882138205 -87.682574502; 
41.903167836 -87.629170007; 41.902625518 -87.628444963; 41.903931222 -87.629249781; 41.903167836 -87.629170007; 41.902625518 -87.628444963; 41.903931222 -87.629249781; 
41.915339031 -87.642358543; 41.908482332 -87.637546451; 41.915339031 -87.642358543; 41.908482332 -87.637546451; 
41.890032024 -87.630203077; 41.890032024 -87.630203077; 41.890032024 -87.630203077; 41.890032024 -87.630203077; 
41.893983593 -87.634677382; 41.893676531 -87.635628328; 41.893983593 -87.634677382; 41.893676531 -87.635628328; 
