41.796913855 -87.794147155; 41.79771589 -87.749379922; 41.797787128 -87.76246087; 41.796913855 -87.794147155; 
41.808213445 -87.698299587; 41.765962191 -87.689398519; 41.76460796 -87.68867896; 41.808213445 -87.698299587; 
41.801307936 -87.584690956; 41.824675709 -87.617013434; 41.801307936 -87.584690956; 
41.736259984 -87.628068782; 41.721689256 -87.626539467; 41.751164599 -87.612198632; 41.76587359 -87.576294705; 41.720927168 -87.593536791; 41.757614433 -87.586115266; 41.717973559 -87.573241917; 41.761580609 -87.590874485; 
42.017140206 -87.666866461; 41.993100382 -87.679138918; 41.993100382 -87.679138918; 42.017140206 -87.666866461; 
41.915729613 -87.746056778; 41.923976215 -87.766294416; 41.915729613 -87.746056778; 41.923976215 -87.766294416; 41.90971226 -87.73926766; 
41.931977948 -87.711608328; 41.928696788 -87.722003353; 41.928696788 -87.722003353; 41.917498023 -87.696335471; 41.931977948 -87.711608328; 
41.957285145 -87.680950223; 41.965794165 -87.674090368; 41.938529064 -87.6686192; 41.963070794 -87.655984213; 41.957285145 -87.680950223; 
41.882394062 -87.627844798; 41.883500187 -87.627876698; 41.882394062 -87.627844798; 41.881582612 -87.626197575; 41.881582612 -87.626197575; 
41.888045958 -87.625413826; 41.892753031 -87.624193896; 41.888045958 -87.625413826; 41.897895128 -87.624096605; 41.895140898 -87.624255632; 41.897895128 -87.624096605; 41.895140898 -87.624255632; 41.892753031 -87.624193896; 
