41.785792907 -87.703335272; 41.772070077 -87.67423383; 41.736970233 -87.661879018; 41.789520703 -87.674176113; 41.740957206 -87.688622436; 41.718457454 -87.679554656; 41.718457454 -87.679554656; 41.736970233 -87.661879018; 41.749943331 -87.689335091; 
41.764144442 -87.624878771; 41.781536064 -87.614443284; 41.769049288 -87.576378338; 41.772416812 -87.587329215; 41.772416812 -87.587329215; 41.781536064 -87.614443284; 41.769049288 -87.576378338; 41.745778658 -87.562496107; 
41.927851075 -87.78436602; 41.953443342 -87.744957048; 41.952897791 -87.787860507; 41.952897791 -87.787860507; 41.927851075 -87.78436602; 
41.876561526 -87.76248005; 41.876650547 -87.755587101; 41.876561526 -87.76248005; 41.876650547 -87.755587101; 
41.851988885 -87.689219118; 41.851988885 -87.689219118; 41.851988885 -87.689219118; 41.851988885 -87.689219118; 
41.880748624 -87.723907414; 41.88189134 -87.721535333; 41.862986112 -87.703749155; 41.876622645 -87.71085998; 41.880748624 -87.723907414; 41.88189134 -87.721535333; 
41.977225127 -87.655010442; 41.977225127 -87.655010442; 41.934885965 -87.651512077; 41.957353244 -87.65621756; 41.955151216 -87.650921125; 41.976814727 -87.659880317; 
41.857757622 -87.646642218; 41.846820192 -87.647298713; 41.846820192 -87.647298713; 41.857757622 -87.646642218; 
41.879235852 -87.624347038; 41.880560303 -87.641730873; 41.882013096 -87.628370441; 41.881074162 -87.632339332; 41.880560303 -87.641730873; 41.881074162 -87.632339332; 41.877628313 -87.635193375; 41.882013096 -87.628370441; 41.879235852 -87.624347038; 
41.894048868 -87.630085563; 41.895978014 -87.624275756; 41.900797486 -87.625261975; 41.895978014 -87.624275756; 41.896943556 -87.624206307; 41.900797486 -87.625261975; 
