41.678892 -87.638326612; 41.713438742 -87.631735506; 41.713438742 -87.631735506; 41.678892 -87.638326612; 
41.998665271 -87.677157858; 41.969396938 -87.704349812; 42.000012562 -87.70459656; 41.969396938 -87.704349812; 41.946954503 -87.671590051; 
41.75262963 -87.580892096; 41.759934113 -87.589614301; 41.74719631 -87.602638387; 41.743970443 -87.585797123; 41.769883009 -87.594847783; 41.761595148 -87.577114714; 
41.876607964 -87.627644063; 41.86501485 -87.616339378; 41.867251542 -87.639594427; 41.884494058 -87.62705785; 41.867251542 -87.639594427; 41.892569818 -87.62208039; 41.884494058 -87.62705785; 41.896815442 -87.61859164; 41.889453169 -87.627994833; 41.889453169 -87.627994833; 
41.881183664 -87.685081252; 41.880586939 -87.706110174; 41.881183664 -87.685081252; 41.880586939 -87.706110174; 
41.880487595 -87.745964635; 41.918158885 -87.719932442; 41.886690285 -87.755294667; 41.880487595 -87.745964635; 41.876959033 -87.735961599; 41.902678618 -87.725601735; 41.879434947 -87.750498251; 41.898954812 -87.748348292; 41.898954812 -87.748348292; 41.884588704 -87.733455762; 41.875037476 -87.743815128; 41.902678618 -87.725601735; 
41.81993001 -87.692592812; 41.802141546 -87.689150105; 41.802141546 -87.689150105; 41.81993001 -87.692592812; 
41.794509508 -87.633301738; 41.790752055 -87.625601621; 41.790752055 -87.625601621; 41.803355168 -87.648925233; 41.779998289 -87.629353252; 41.804929621 -87.668894285; 41.794509508 -87.633301738; 
41.762929162 -87.644355406; 41.75339815 -87.655418932; 41.75339815 -87.655418932; 41.753539436 -87.657040981; 41.762929162 -87.644355406; 
41.771203087 -87.659135646; 41.776597025 -87.670220675; 41.776597025 -87.670220675; 41.771203087 -87.659135646; 
