41.680418426 -87.662437948; 41.693258507 -87.642408263; 41.680418426 -87.662437948; 41.693258507 -87.642408263; 
41.75091483 -87.597905386; 41.770988374 -87.586268005; 41.757457948 -87.586106086; 41.739265865 -87.604893749; 41.759958507 -87.600672006; 41.757457948 -87.586106086; 
41.742710224 -87.634088181; 41.746056685 -87.671821254; 41.77175688 -87.662792084; 41.742761034 -87.65353015; 41.742710224 -87.634088181; 41.743009401 -87.634095927; 41.760701648 -87.65278737; 41.77175688 -87.662792084; 41.77931212 -87.67420734; 41.742761034 -87.65353015; 41.748047232 -87.643968533; 41.748047232 -87.643968533; 41.760701648 -87.65278737; 
41.846801978 -87.623527134; 41.846511365 -87.625350748; 41.85268013 -87.632007113; 41.823320055 -87.623203203; 41.856291443 -87.630191028; 41.85268013 -87.632007113; 41.823320055 -87.623203203; 
41.934635453 -87.718436806; 41.914945447 -87.699230319; 41.924627849 -87.714968502; 41.909480406 -87.676066146; 41.932845624 -87.708667158; 41.909480406 -87.676066146; 41.924627849 -87.714968502; 41.932845624 -87.708667158; 41.917638879 -87.706974683; 
41.871988266 -87.694489094; 41.874033297 -87.677068331; 41.866341527 -87.711154301; 41.866341527 -87.711154301; 
41.881949766 -87.647367397; 41.886609082 -87.661221497; 41.881949766 -87.647367397; 
41.896714548 -87.625340136; 41.892753031 -87.624193896; 41.895140898 -87.624255632; 41.893302665 -87.626101368; 41.893302665 -87.626101368; 41.898767916 -87.624116333; 41.891694878 -87.626155832; 
41.885879253 -87.630979425; 41.88206533 -87.627492211; 41.881703396 -87.626203588; 41.885879253 -87.630979425; 41.884276844 -87.622098929; 41.88249622 -87.624380767; 41.885742269 -87.631465684; 
41.911160085 -87.635184465; 41.911160085 -87.635184465; 41.911160085 -87.635184465; 
41.937227668 -87.644305471; 41.93374417 -87.644581852; 41.933524512 -87.655164979; 41.93374417 -87.644581852; 41.927992712 -87.641913321; 41.910914175 -87.648578343; 41.928620632 -87.642285052; 41.918707482 -87.6485281; 
