42.010753675 -87.674329125; 41.963226081 -87.698523851; 41.964664116 -87.712588602; 41.964664116 -87.712588602; 41.963226081 -87.698523851; 41.991352414 -87.698211346; 
41.673715748 -87.617686786; 41.683148171 -87.646953406; 41.683148171 -87.646953406; 41.712651496 -87.621976074; 41.683976206 -87.615387535; 41.726223446 -87.643341004; 41.683976206 -87.615387535; 41.712651496 -87.621976074; 
41.925219303 -87.701123946; 41.914540846 -87.702000896; 41.916007187 -87.720404968; 41.908598 -87.714311335; 41.908598 -87.714311335; 
41.861419708 -87.733595274; 41.861419708 -87.733595274; 41.862842099 -87.702010464; 41.878800392 -87.731225903; 41.877564084 -87.685095802; 41.847210958 -87.707555711; 41.860881736 -87.708861467; 41.860881736 -87.708861467; 41.845712766 -87.705074625; 41.865514492 -87.704418218; 41.865514492 -87.704418218; 41.877564084 -87.685095802; 41.879705064 -87.671704162; 
41.85802838 -87.651092033; 41.879361356 -87.635879544; 41.88922282 -87.630259695; 41.904265132 -87.634495504; 41.88922282 -87.630259695; 41.90375986 -87.640327096; 41.864493678 -87.639158; 41.897012256 -87.632716018; 41.89009539 -87.626221219; 41.879361356 -87.635879544; 41.889934315 -87.637589849; 41.85802838 -87.651092033; 41.882076985 -87.626709904; 
41.946021295 -87.655565552; 41.948602111 -87.657640897; 41.946021295 -87.655565552; 41.946048865 -87.655587315; 41.928432276 -87.648865084; 41.946048865 -87.655587315; 41.928432276 -87.648865084; 
41.78920236 -87.70956129; 41.772588738 -87.704087709; 41.771580054 -87.708837572; 41.78920236 -87.70956129; 
41.807743137 -87.666161931; 41.798755818 -87.66714268; 41.798755818 -87.66714268; 41.806126147 -87.657606913; 41.807743137 -87.666161931; 
41.749528306 -87.598661467; 41.733747855 -87.591719025; 41.756565336 -87.616136728; 41.74865292 -87.611222647; 41.749528306 -87.598661467; 41.733747855 -87.591719025; 
41.775417555 -87.63331142; 41.78095497 -87.653321211; 41.778708747 -87.654477828; 41.775417555 -87.63331142; 41.768157857 -87.644490078; 41.778708747 -87.654477828; 41.777147356 -87.650791423; 41.777147356 -87.650791423; 41.768157857 -87.644490078; 41.761058764 -87.634559761; 
