41.734878391 -87.552756193; 41.731287236 -87.54568498; 41.731287236 -87.54568498; 41.714974424 -87.534068433; 41.715684174 -87.569423051; 41.694839728 -87.53649271; 41.734878391 -87.552756193; 41.729648838 -87.548485589; 
41.923877326 -87.805411501; 41.951619477 -87.813398958; 41.923877326 -87.805411501; 41.944090698 -87.824112517; 41.951619477 -87.813398958; 
41.924938414 -87.684711999; 41.909779456 -87.676533323; 41.911978257 -87.70309526; 41.898176573 -87.727396506; 41.909779456 -87.676533323; 41.911978257 -87.70309526; 41.934075797 -87.712348718; 
41.890462933 -87.763391993; 41.890462933 -87.763391993; 41.873074434 -87.747930778; 41.90460885 -87.758306972; 41.893679767 -87.75800467; 
41.860213689 -87.709146959; 41.876227537 -87.721596698; 41.869822522 -87.724191109; 41.876227537 -87.721596698; 
41.687913415 -87.636190269; 41.684114564 -87.625303429; 41.713692763 -87.636951947; 41.691612892 -87.628560354; 41.724958867 -87.630302412; 41.691612892 -87.628560354; 41.677262535 -87.637077599; 41.684114564 -87.625303429; 41.687913415 -87.636190269; 
41.837060161 -87.652129441; 41.855037996 -87.667131545; 41.829933759 -87.675273397; 41.825701375 -87.675147967; 41.837060161 -87.652129441; 41.837060161 -87.652129441; 41.837060161 -87.652129441; 41.825701375 -87.675147967; 
41.903869258 -87.633478602; 41.900424796 -87.642467932; 41.899800353 -87.630463245; 41.89132039 -87.642173067; 41.899800353 -87.630463245; 41.900424796 -87.642467932; 41.89132039 -87.642173067; 
41.87648302 -87.633685681; 41.87648302 -87.633685681; 41.86231433 -87.639089796; 41.86231433 -87.639089796; 41.862218265 -87.639087164; 
41.801855025 -87.630005292; 41.772588844 -87.608197446; 41.783812137 -87.619895739; 41.794893197 -87.630521478; 41.767835088 -87.631066153; 41.778321993 -87.586402872; 41.778321993 -87.586402872; 41.760605188 -87.646722372; 41.759327879 -87.636946254; 41.783812137 -87.619895739; 41.814127779 -87.6323068; 41.794893197 -87.630521478; 41.772588844 -87.608197446; 
41.794796091 -87.674327426; 41.782276932 -87.669135535; 41.782276932 -87.669135535; 41.794796091 -87.674327426; 41.776657573 -87.6726324; 41.798536599 -87.669569122; 
41.760426043 -87.686796556; 41.751216002 -87.682879763; 41.751216002 -87.682879763; 41.760426043 -87.686796556; 
