42.010718104 -87.682523951; 41.998301087 -87.687458785; 42.010718104 -87.682523951; 41.985124469 -87.669355859; 41.998301087 -87.687458785; 41.985124469 -87.669355859; 
41.697958905 -87.630984694; 41.684295318 -87.667954973; 41.684295318 -87.667954973; 41.671647699 -87.652668404; 41.671647699 -87.652668404; 41.697958905 -87.630984694; 
41.79677592 -87.733655586; 41.79677592 -87.733655586; 41.781171761 -87.736268514; 41.781171761 -87.736268514; 
41.768066261 -87.567595915; 41.761596782 -87.57694609; 41.768066261 -87.567595915; 
41.714635555 -87.571860141; 41.704124926 -87.564458658; 41.714635555 -87.571860141; 41.720267854 -87.574079341; 41.704124926 -87.564458658; 
41.736653659 -87.604520239; 41.749477205 -87.60356166; 41.736458248 -87.585638764; 41.749477205 -87.60356166; 41.736653659 -87.604520239; 41.736604706 -87.608060119; 41.736458248 -87.585638764; 
41.750167966 -87.645239474; 41.754418814 -87.635218174; 41.786034028 -87.648596146; 41.790065983 -87.648696249; 41.781408521 -87.620399022; 41.766068631 -87.651715289; 41.790065983 -87.648696249; 41.766068631 -87.651715289; 41.754418814 -87.635218174; 41.781408521 -87.620399022; 
41.921446672 -87.737692715; 41.932662734 -87.722105137; 41.921446672 -87.737692715; 41.932662734 -87.722105137; 
41.90855134 -87.75592408; 41.90855134 -87.75592408; 41.907589491 -87.763893597; 41.907589491 -87.763893597; 
41.882715299 -87.766593278; 41.886840651 -87.763416845; 41.886840651 -87.763416845; 41.882715299 -87.766593278; 
41.829102513 -87.697241927; 41.81487142 -87.694404049; 41.81487142 -87.694404049; 41.829102513 -87.697241927; 
41.867127946 -87.721147439; 41.86158579 -87.721380187; 41.879783301 -87.724030421; 41.867104466 -87.739144628; 41.874342292 -87.72678085; 41.867104466 -87.739144628; 41.852731587 -87.701390474; 41.867127946 -87.721147439; 41.86158579 -87.721380187; 41.879783301 -87.724030421; 41.874342292 -87.72678085; 41.852731587 -87.701390474; 
