41.968495294 -87.781417436; 41.940393757 -87.76717079; 41.968495294 -87.781417436; 41.940393757 -87.76717079; 
41.874503125 -87.764650028; 41.872274452 -87.764581664; 41.874503125 -87.764650028; 41.872274452 -87.764581664; 
41.895736997 -87.766643452; 41.895736997 -87.766643452; 41.887176896 -87.774883085; 41.887176896 -87.774883085; 
41.865107657 -87.732481465; 41.866147972 -87.726784885; 41.872627908 -87.718667988; 41.878286676 -87.714093543; 41.882002736 -87.729099011; 41.865107657 -87.732481465; 41.882002736 -87.729099011; 
41.877474957 -87.692686607; 41.861359279 -87.694400341; 41.877474957 -87.692686607; 41.861359279 -87.694400341; 
41.821191403 -87.613647699; 41.823192046 -87.621586662; 41.821191403 -87.613647699; 41.823192046 -87.621586662; 41.815698011 -87.62300861; 41.815698011 -87.62300861; 
41.67443174 -87.616320857; 41.692615785 -87.620303929; 41.67443174 -87.616320857; 41.693504616 -87.643632217; 41.692615785 -87.620303929; 41.709927024 -87.621636211; 41.707535018 -87.600839053; 41.695982095 -87.596653142; 41.693504616 -87.643632217; 41.707535018 -87.600839053; 
41.752814694 -87.573567629; 41.720267854 -87.574079341; 41.75672972 -87.562691263; 41.763625742 -87.560182233; 41.75672972 -87.562691263; 41.730712651 -87.581583891; 41.730712651 -87.581583891; 41.752814694 -87.573567629; 41.763625742 -87.560182233; 
41.75324123 -87.677076181; 41.740488614 -87.668042065; 41.75324123 -87.677076181; 41.740488614 -87.668042065; 
41.765083123 -87.598253111; 41.765083123 -87.598253111; 41.765766196 -87.612068131; 41.776797342 -87.604098905; 41.765766196 -87.612068131; 
41.757587263 -87.629620223; 41.761109412 -87.644308897; 41.757587263 -87.629620223; 41.742647985 -87.641486966; 41.761109412 -87.644308897; 41.742647985 -87.641486966; 
