41.805273241 -87.613866221; 41.802195166 -87.609657204; 41.79453284 -87.631728256; 41.805273241 -87.613866221; 
41.909664252 -87.742728815; 41.909605035 -87.747777145; 41.903247654 -87.747438506; 41.880298781 -87.760742929; 41.908108222 -87.758400475; 41.927983218 -87.785603309; 41.894945606 -87.754874977; 41.900890292 -87.770469536; 41.909664252 -87.742728815; 41.873848966 -87.76278324; 41.880298781 -87.760742929; 41.909605035 -87.747777145; 41.903247654 -87.747438506; 
41.706217772 -87.645243216; 41.682128106 -87.642055101; 41.682128106 -87.642055101; 41.680418426 -87.662437948; 
41.75089655 -87.627813307; 41.75089655 -87.627813307; 41.742494686 -87.647501625; 41.742494686 -87.647501625; 
41.94933263 -87.64847244; 41.94631018 -87.654297987; 41.947485405 -87.656741053; 41.965851797 -87.665544399; 41.94631018 -87.654297987; 
41.92046017 -87.67083136; 41.9299058 -87.693084659; 41.92046017 -87.67083136; 41.916856991 -87.672735121; 
41.881203182 -87.647342333; 41.877822179 -87.655181405; 41.885393253 -87.663547848; 41.877822179 -87.655181405; 41.885393253 -87.663547848; 
41.868541914 -87.639235361; 41.864493678 -87.639158; 41.868541914 -87.639235361; 41.864493678 -87.639158; 41.873951538 -87.631675478; 
41.883475491 -87.627876969; 41.885481891 -87.627935689; 41.884331884 -87.627907944; 41.884331884 -87.627907944; 
41.892507547 -87.626216651; 41.892507547 -87.626216651; 41.896343018 -87.624279065; 41.890034341 -87.630133271; 41.890034341 -87.630133271; 41.892816145 -87.624193198; 41.897014833 -87.624194499; 41.891694878 -87.626155832; 
