41.695564986 -87.612234211; 41.695564986 -87.612234211; 41.654392444 -87.61148243; 41.654392444 -87.61148243; 
41.908543264 -87.649977652; 41.880108035 -87.647309981; 41.892753031 -87.624193896; 41.880108035 -87.647309981; 41.892753031 -87.624193896; 41.908543264 -87.649977652; 41.852840843 -87.632710099; 41.854335843 -87.620125605; 
41.939086945 -87.727799589; 41.939086945 -87.727799589; 41.942429059 -87.750535072; 41.942429059 -87.750535072; 
41.812006854 -87.688592743; 41.811785313 -87.702567093; 41.811785313 -87.702567093; 41.812006854 -87.688592743; 
41.785898759 -87.661944404; 41.778568322 -87.694595881; 41.778568322 -87.694595881; 41.773144493 -87.674956028; 
41.752284441 -87.597937394; 41.748936849 -87.608808158; 41.758149771 -87.585724218; 41.752284441 -87.597937394; 41.758149771 -87.585724218; 41.748936849 -87.608808158; 
41.752387581 -87.649287361; 41.762532622 -87.640023507; 41.770227581 -87.628290698; 41.788644262 -87.620689209; 41.788644262 -87.620689209; 41.770227581 -87.628290698; 41.752387581 -87.649287361; 41.725898464 -87.657928055; 41.762532622 -87.640023507; 41.725898464 -87.657928055; 
41.884952818 -87.750337933; 41.873632939 -87.757439126; 41.879288825 -87.74177846; 41.879288825 -87.74177846; 41.884952818 -87.750337933; 41.883672448 -87.752740241; 
41.85604611 -87.723628089; 41.860114126 -87.731103885; 41.861653809 -87.727480805; 41.860114126 -87.731103885; 41.876198927 -87.723957984; 41.85604611 -87.723628089; 41.861653809 -87.727480805; 
41.877294175 -87.70919375; 41.869154373 -87.704099838; 41.869154373 -87.704099838; 41.877294175 -87.70919375; 
