41.946021295 -87.655565552; 41.951428273 -87.659912339; 41.951428273 -87.659912339; 41.94670237 -87.656117076; 41.947971181 -87.662830696; 41.947971181 -87.662830696; 41.94670237 -87.656117076; 
41.915584711 -87.705697803; 41.92417813 -87.699429201; 41.915584711 -87.705697803; 41.92417813 -87.699429201; 
41.877812831 -87.627667527; 41.877812831 -87.627667527; 41.872910562 -87.63062942; 41.872910562 -87.63062942; 41.868567278 -87.625852734; 41.868567278 -87.625852734; 41.867251542 -87.639594427; 41.867251542 -87.639594427; 
41.90767972 -87.633719857; 41.908489244 -87.630121799; 41.90767972 -87.633719857; 41.911367051 -87.626401638; 41.911367051 -87.626401638; 41.908489244 -87.630121799; 
41.893676531 -87.635628328; 41.891514539 -87.639328271; 41.893676531 -87.635628328; 41.891514539 -87.639328271; 
41.873604937 -87.683780945; 41.862084411 -87.707979723; 41.869152172 -87.704198989; 41.861359279 -87.694400341; 41.863414742 -87.722651317; 41.869152172 -87.704198989; 41.861359279 -87.694400341; 41.862084411 -87.707979723; 41.869152172 -87.704198989; 41.873604937 -87.683780945; 41.869152172 -87.704198989; 41.863414742 -87.722651317; 
41.899584721 -87.747023859; 41.883025459 -87.773318129; 41.921499378 -87.742582943; 41.870026489 -87.744889197; 41.891316437 -87.754621248; 41.891316437 -87.754621248; 41.870026489 -87.744889197; 41.887285778 -87.75693091; 41.883025459 -87.773318129; 41.89584607 -87.75440038; 41.921499378 -87.742582943; 41.887285778 -87.75693091; 41.8865745 -87.765086511; 
41.752381045 -87.58442786; 41.756364467 -87.56511088; 41.746748904 -87.602625138; 41.743935792 -87.575064753; 41.740311742 -87.553914206; 41.750940418 -87.625130255; 41.750940418 -87.625130255; 41.743935792 -87.575064753; 41.756364467 -87.56511088; 41.746748904 -87.602625138; 41.740311742 -87.553914206; 41.73059554 -87.579207609; 41.752381045 -87.58442786; 
41.772556054 -87.613018533; 41.781392623 -87.610826102; 41.79473381 -87.620244031; 41.793840146 -87.620400623; 41.781392623 -87.610826102; 41.772556054 -87.613018533; 
41.746870548 -87.652819862; 41.735747125 -87.666266401; 41.729765583 -87.651948992; 41.729765583 -87.651948992; 
41.775372341 -87.659249626; 41.768096835 -87.663878589; 41.768096835 -87.663878589; 41.775372341 -87.659249626; 
41.791738777 -87.665741193; 41.803076877 -87.671209401; 41.791738777 -87.665741193; 41.791644153 -87.648730794; 41.803076877 -87.671209401; 41.791644153 -87.648730794; 
