41.976290414 -87.905227221; 41.976290414 -87.905227221; 41.976290414 -87.905227221; 
41.703660311 -87.67911865; 41.707756212 -87.580708771; 41.695982095 -87.596653142; 41.744680815 -87.549900201; 41.679676934 -87.641063669; 41.707756212 -87.580708771; 41.692780068 -87.600611049; 41.679676934 -87.641063669; 41.680487189 -87.651736956; 41.722308345 -87.64810095; 41.704940587 -87.613704162; 41.695982095 -87.596653142; 
41.911542759 -87.785078909; 41.883567647 -87.774767624; 41.926287021 -87.785547998; 41.883567647 -87.774767624; 41.92253323 -87.77932238; 41.915187259 -87.775425225; 41.926287021 -87.785547998; 41.909264548 -87.774727351; 41.909264548 -87.774727351; 41.919509917 -87.769905433; 41.911542759 -87.785078909; 
41.966852671 -87.68358468; 41.973297908 -87.655894248; 41.971422174 -87.686572042; 41.977068885 -87.657832862; 
41.858201078 -87.721184865; 41.865370709 -87.721490944; 41.908697313 -87.711867343; 41.878645771 -87.72067032; 41.892610468 -87.717448051; 41.893606982 -87.718026137; 41.908697313 -87.711867343; 41.878645771 -87.72067032; 41.871863056 -87.707131734; 41.857943829 -87.709080933; 41.858201078 -87.721184865; 41.851407157 -87.733835632; 
41.92938643 -87.707892425; 41.935700847 -87.704368618; 41.936667977 -87.69611901; 41.92938643 -87.707892425; 41.935700847 -87.704368618; 
41.903133917 -87.6805577; 41.903133917 -87.6805577; 41.907791455 -87.672501635; 41.909638227 -87.67631067; 41.907791455 -87.672501635; 
41.939978323 -87.649513479; 41.929220588 -87.644854685; 41.939978323 -87.649513479; 41.925406329 -87.651789407; 41.928287867 -87.643078736; 41.928138239 -87.651102531; 41.929220588 -87.644854685; 
41.891404732 -87.628061509; 41.885481891 -87.627935689; 41.885481891 -87.627935689; 41.891404732 -87.628061509; 41.883475491 -87.627876969; 41.885888079 -87.627942238; 41.892505345 -87.626304822; 41.88603939 -87.647485237; 41.875070002 -87.640974928; 41.889053331 -87.642120381; 41.88171846 -87.627760426; 41.898767916 -87.624116333; 41.887472275 -87.646173514; 41.881944424 -87.634195294; 41.888757117 -87.633988801; 41.885888079 -87.627942238; 41.88529876 -87.624489335; 41.881944424 -87.634195294; 41.883224344 -87.624971297; 
41.91070224 -87.631655218; 41.91070224 -87.631655218; 41.91114034 -87.636904049; 41.91114034 -87.636904049; 
41.909270561 -87.64722927; 41.910933985 -87.647299629; 41.905379201 -87.649522814; 41.905379201 -87.649522814; 41.910933985 -87.647299629; 
