41.750111323 -87.644030737; 41.797318644 -87.647694887; 41.759582794 -87.65478207; 41.765997125 -87.66382344; 41.750111323 -87.644030737; 41.797318644 -87.647694887; 41.765997125 -87.66382344; 
41.814589539 -87.723838015; 41.814589539 -87.723838015; 41.869959 -87.714302426; 41.80779181 -87.703963414; 41.869992943 -87.711441988; 41.805744159 -87.669755148; 41.854302497 -87.713697274; 41.854302497 -87.713697274; 41.869959 -87.714302426; 41.846005259 -87.729940659; 
41.844023772 -87.626923253; 41.831818944 -87.610864733; 41.838373319 -87.621143237; 41.844023772 -87.626923253; 41.838373319 -87.621143237; 41.831818944 -87.610864733; 
41.975702441 -87.712797693; 41.975702441 -87.712797693; 42.001738766 -87.704616357; 
41.922039747 -87.697330182; 41.908993347 -87.688414933; 41.907127255 -87.678232016; 41.907127255 -87.678232016; 41.908993347 -87.688414933; 41.884156374 -87.672682817; 41.909215658 -87.688420043; 41.922039747 -87.697330182; 
41.939897954 -87.654932052; 41.930490432 -87.641992922; 41.949226216 -87.675323486; 41.945334107 -87.657701137; 41.930490432 -87.641992922; 41.949226216 -87.675323486; 41.939897954 -87.654932052; 
41.903111959 -87.641193679; 41.907056567 -87.634586291; 41.908470652 -87.635621552; 41.903111959 -87.641193679; 41.907056567 -87.634586291; 
41.891637993 -87.630299319; 41.892753031 -87.624193896; 41.892753031 -87.624193896; 
41.881950166 -87.633335938; 41.881950166 -87.633335938; 41.879363342 -87.635754673; 41.878840427 -87.639582928; 41.878840427 -87.639582928; 41.878115609 -87.634097494; 
41.884521087 -87.622099893; 41.884521087 -87.622099893; 41.883500187 -87.627876698; 41.881582612 -87.626197575; 41.881582612 -87.626197575; 41.881493402 -87.627755557; 41.881493402 -87.627755557; 41.88946287 -87.624222942; 41.884276844 -87.622098929; 
