41.928551151 -87.768583773; 41.941488607 -87.75286295; 41.941488607 -87.75286295; 41.939261171 -87.784282869; 41.928551151 -87.768583773; 41.939261171 -87.784282869; 
41.972528324 -87.736786763; 41.977026226 -87.76494141; 41.977026226 -87.76494141; 41.972528324 -87.736786763; 
41.776780252 -87.693334123; 41.811304748 -87.690628276; 41.779112173 -87.693695901; 41.779106043 -87.694073594; 41.761990455 -87.684391044; 41.779106043 -87.694073594; 41.779112173 -87.693695901; 41.761990455 -87.684391044; 41.811304748 -87.690628276; 41.776780252 -87.693334123; 
41.738657614 -87.653415875; 41.751952848 -87.647716123; 41.757342402 -87.634464469; 41.751952848 -87.647716123; 41.757342402 -87.634464469; 41.738657614 -87.653415875; 
41.773365641 -87.583428607; 41.771471819 -87.590569805; 41.757973261 -87.600496671; 41.773365641 -87.583428607; 41.756704562 -87.567547739; 41.757973261 -87.600496671; 41.756704562 -87.567547739; 
41.803481688 -87.611315202; 41.817765617 -87.610439415; 41.803481688 -87.611315202; 41.788430122 -87.615825671; 41.788430122 -87.615825671; 
41.87725848 -87.712227112; 41.87725848 -87.712227112; 41.878182204 -87.690094467; 41.878182204 -87.690094467; 
41.861553084 -87.660110993; 41.863463449 -87.652260416; 41.863463449 -87.652260416; 41.861553084 -87.660110993; 
41.853211072 -87.638542232; 41.840972836 -87.637826905; 41.853211072 -87.638542232; 41.840972836 -87.637826905; 
41.863160559 -87.621323445; 41.852860198 -87.624682442; 41.852860198 -87.624682442; 41.863160559 -87.621323445; 
