41.680418426 -87.662437948; 41.680418426 -87.662437948; 41.685070409 -87.643030376; 
41.800455673 -87.587407515; 41.764221915 -87.5876844; 41.764221915 -87.5876844; 41.765719051 -87.582436322; 
41.872636725 -87.716729263; 41.872636725 -87.716729263; 41.844580682 -87.701808336; 41.854147937 -87.724824383; 
41.926287021 -87.785547998; 41.934994367 -87.80664292; 41.926404101 -87.792881805; 41.927320259 -87.80637164; 41.930966504 -87.78739692; 41.926287021 -87.785547998; 41.930966504 -87.78739692; 41.926404101 -87.792881805; 41.927320259 -87.80637164; 41.926287021 -87.785547998; 41.926287021 -87.785547998; 
41.750185415 -87.644029945; 41.779704696 -87.647508582; 41.738465136 -87.674071927; 41.769916749 -87.663954978; 41.750185415 -87.644029945; 41.767508679 -87.683320046; 41.769916749 -87.663954978; 41.767508679 -87.683320046; 
41.953620328 -87.730408248; 41.953401434 -87.748571238; 41.974476059 -87.735606494; 41.953401434 -87.748571238; 
41.902261662 -87.754856701; 41.915971151 -87.746065586; 41.92448075 -87.72700804; 41.902261662 -87.754856701; 41.905840073 -87.725619509; 41.905840073 -87.725619509; 41.915971151 -87.746065586; 41.894740652 -87.77331864; 41.92448075 -87.72700804; 41.894740652 -87.77331864; 41.909577258 -87.749867783; 
41.946212132 -87.646579678; 41.9305046 -87.648938479; 41.925428086 -87.650370746; 41.917245085 -87.635356969; 41.917245085 -87.635356969; 41.9305046 -87.648938479; 
41.851949553 -87.618995915; 41.832329279 -87.616983146; 41.832329279 -87.616983146; 41.838580199 -87.60772081; 41.838580199 -87.60772081; 
41.884940646 -87.677849104; 41.90211025 -87.685391239; 41.884940646 -87.677849104; 41.875132303 -87.670605724; 41.875132303 -87.670605724; 41.90211025 -87.685391239; 41.881498415 -87.683961731; 
41.868541914 -87.639235361; 41.869527301 -87.639268759; 41.865399465 -87.639188585; 41.869527301 -87.639268759; 41.865399465 -87.639188585; 41.868541914 -87.639235361; 
41.882249994 -87.629410745; 41.87766908 -87.629284766; 41.882394062 -87.627844798; 41.881493402 -87.627755557; 41.882249994 -87.629410745; 41.879235852 -87.624347038; 41.872709056 -87.624187857; 41.879235852 -87.624347038; 41.879235852 -87.624347038; 
41.893374793 -87.621784977; 41.895002822 -87.621454706; 41.892569818 -87.62208039; 41.893374793 -87.621784977; 
41.891694878 -87.626155832; 41.891694878 -87.626155832; 41.892505345 -87.626304822; 41.892505345 -87.626304822; 
