41.754592961 -87.741528537; 41.754592961 -87.741528537; 41.773811253 -87.722636843; 41.773811253 -87.722636843; 
41.844580965 -87.701859714; 41.844580965 -87.701859714; 41.842416891 -87.685314897; 41.842416891 -87.685314897; 
41.947673037 -87.672464852; 41.994398631 -87.672474615; 41.978991238 -87.659941972; 41.978991238 -87.659941972; 41.968208915 -87.653363136; 41.981693509 -87.666864773; 41.968208915 -87.653363136; 41.994398631 -87.672474615; 41.981693509 -87.666864773; 
41.782361812 -87.687390207; 41.767527973 -87.68576485; 41.767527973 -87.68576485; 41.770221562 -87.676829823; 
41.901120388 -87.695337514; 41.895877613 -87.706566627; 41.90067036 -87.696825995; 41.928235818 -87.682084152; 41.895877613 -87.706566627; 41.906276004 -87.670011875; 41.928235818 -87.682084152; 41.907535827 -87.683488525; 
41.915193169 -87.649623812; 41.933793364 -87.644548246; 41.933793364 -87.644548246; 41.920066848 -87.644104311; 
41.701134741 -87.662793911; 41.691692138 -87.641147214; 41.701134741 -87.662793911; 41.691692138 -87.641147214; 
41.721426048 -87.646033381; 41.721689256 -87.626539467; 41.742710224 -87.634088181; 41.740918989 -87.631967753; 41.736148121 -87.629070243; 41.721689256 -87.626539467; 41.740918989 -87.631967753; 
41.868385458 -87.639229711; 41.868385458 -87.639229711; 41.86821682 -87.6304532; 41.86821682 -87.6304532; 
41.899410159 -87.624131266; 41.896888586 -87.628203192; 41.896888586 -87.628203192; 41.899410159 -87.624131266; 
41.882394062 -87.627844798; 41.884486956 -87.628581948; 41.886554425 -87.630994065; 41.879538326 -87.625335149; 41.885741029 -87.631711749; 41.885369466 -87.63243193; 41.879538326 -87.625335149; 41.882381731 -87.629412971; 41.88033698 -87.629365643; 41.886554425 -87.630994065; 41.88033698 -87.629365643; 
