41.928076536 -87.785606186; 41.960396122 -87.773839785; 41.968825862 -87.736685253; 41.968825862 -87.736685253; 41.937551928 -87.745562571; 
41.866388583 -87.707188831; 41.866341527 -87.711154301; 41.852895242 -87.70772421; 41.852895242 -87.70772421; 
41.835834607 -87.675869803; 41.808659359 -87.660921846; 41.827373751 -87.682568055; 41.827373751 -87.682568055; 41.808612776 -87.664223537; 
41.763878394 -87.674720874; 41.803671998 -87.703846021; 41.779125683 -87.692672862; 41.803671998 -87.703846021; 41.779125683 -87.692672862; 
41.788862415 -87.632057771; 41.779220641 -87.649632877; 41.740918989 -87.631967753; 41.750551037 -87.613697029; 41.740918989 -87.631967753; 41.812144723 -87.618231521; 41.763292136 -87.61842235; 41.74370807 -87.60736458; 
41.887616801 -87.680348442; 41.928194323 -87.682025777; 41.896528739 -87.696723874; 41.914749908 -87.697119659; 41.921289814 -87.694721419; 41.880461397 -87.666772058; 41.89936567 -87.688254692; 41.895488394 -87.653584124; 41.914749908 -87.697119659; 41.90911556 -87.713090321; 
41.940318272 -87.644408194; 41.949484528 -87.649555254; 41.95321209 -87.661330989; 41.93991842 -87.653288878; 41.957076913 -87.665731606; 41.957076913 -87.665731606; 41.958065808 -87.646360506; 41.932738985 -87.648117094; 41.940318272 -87.644408194; 
41.899734047 -87.624142375; 41.899734047 -87.624142375; 41.899734047 -87.624142375; 41.899734047 -87.624142375; 
41.891694878 -87.626155832; 41.891694878 -87.626155832; 41.891694878 -87.626155832; 41.891694878 -87.626155832; 
41.884475188 -87.631589722; 41.885741029 -87.631711749; 41.879845704 -87.629356347; 41.883368801 -87.632413402; 41.885741029 -87.631711749; 41.883368801 -87.632413402; 
41.880255584 -87.627728782; 41.881623795 -87.626200793; 41.879872586 -87.62435836; 41.879872586 -87.62435836; 
