41.984622486 -87.836582104; 41.979006297 -87.906463155; 41.99622105 -87.885662387; 41.984622486 -87.836582104; 41.99622105 -87.885662387; 
41.866148185 -87.726825268; 41.877969824 -87.72619208; 41.880735548 -87.72506426; 41.880180784 -87.694657201; 41.869832385 -87.723464057; 41.883672448 -87.752740241; 41.879266583 -87.695084918; 41.856486892 -87.709634701; 
41.749139398 -87.623673212; 41.740918989 -87.631967753; 41.735610425 -87.613600043; 41.740918989 -87.631967753; 41.749139398 -87.623673212; 41.765444001 -87.626906181; 
41.68790696 -87.619491899; 41.713333659 -87.628465966; 41.704512502 -87.635512945; 41.697400312 -87.619606627; 41.696325361 -87.616652606; 41.697400312 -87.619606627; 
42.009145091 -87.664753261; 42.02013558 -87.669488562; 42.018244679 -87.690186314; 42.009145091 -87.664753261; 41.990615196 -87.683188577; 42.013824975 -87.671088657; 41.993043969 -87.660360363; 42.009145091 -87.664753261; 42.013824975 -87.671088657; 42.009145091 -87.664753261; 
41.987861488 -87.703134482; 41.987861488 -87.703134482; 41.976331128 -87.712339243; 41.956272783 -87.720335469; 
41.908771527 -87.674956602; 41.925639765 -87.688890382; 41.908226034 -87.674106235; 41.908771527 -87.674956602; 41.928235818 -87.682084152; 
41.964618881 -87.656975296; 41.964618881 -87.656975296; 41.964863437 -87.652387549; 41.94044868 -87.651081589; 41.96805477 -87.667326866; 41.960046783 -87.646762046; 
41.903996883 -87.643230238; 41.900163988 -87.645192613; 41.895993005 -87.635683921; 41.898175531 -87.636277251; 41.903996883 -87.643230238; 
41.888002869 -87.618899217; 41.89804054 -87.624091323; 41.896714548 -87.625340136; 41.890384236 -87.624109917; 41.892505345 -87.626304822; 41.896702263 -87.626464221; 41.89804054 -87.624091323; 41.890384236 -87.624109917; 
