41.898767916 -87.624116333; 41.890013254 -87.631620927; 41.890057206 -87.628491342; 41.893179585 -87.634686145; 41.889244943 -87.628496599; 41.889244943 -87.628496599; 41.898767916 -87.624116333; 41.893179585 -87.634686145; 
41.732978563 -87.55547567; 41.702232026 -87.525748868; 41.702232026 -87.525748868; 41.720405953 -87.537704393; 41.720405953 -87.537704393; 41.732978563 -87.55547567; 41.749140885 -87.56133818; 
41.707658221 -87.623532647; 41.735756683 -87.603288335; 41.707658221 -87.623532647; 41.735756683 -87.603288335; 
41.980778822 -87.80543826; 41.980750755 -87.805302411; 41.982494751 -87.759291218; 41.980750755 -87.805302411; 41.980778822 -87.80543826; 
41.805654374 -87.622187935; 41.805654374 -87.622187935; 41.808807759 -87.624441899; 
41.940727712 -87.687951908; 41.940727712 -87.687951908; 41.932128701 -87.69309918; 41.932128701 -87.69309918; 
41.894046598 -87.746439101; 41.894046598 -87.746439101; 41.89131434 -87.754749813; 41.89131434 -87.754749813; 41.904470504 -87.759726182; 
41.795438979 -87.688967855; 41.789554916 -87.672965679; 41.789554916 -87.672965679; 
41.885350609 -87.709574392; 41.905288376 -87.711757136; 41.894240818 -87.717498501; 41.894240818 -87.717498501; 41.885350609 -87.709574392; 
41.86026387 -87.722563827; 41.86026387 -87.722563827; 41.85604611 -87.723628089; 41.85604611 -87.723628089; 
41.864425164 -87.718636425; 41.864425164 -87.718636425; 41.865417011 -87.717830262; 41.862853002 -87.71562282; 41.865417011 -87.717830262; 41.862853002 -87.71562282; 
