41.699184632 -87.642593834; 41.677661758 -87.652872258; 41.678666931 -87.661394561; 41.680418426 -87.662437948; 41.699184632 -87.642593834; 41.680418426 -87.662437948; 
41.742710224 -87.634088181; 41.794794662 -87.61679251; 41.757921749 -87.616693383; 41.742710224 -87.634088181; 41.756259091 -87.624719943; 
41.909191353 -87.780583972; 41.891062111 -87.768579901; 41.893847005 -87.770711352; 41.909191353 -87.780583972; 
41.903479851 -87.732364277; 41.926022814 -87.751908099; 41.932624297 -87.722101829; 41.932624297 -87.722101829; 
41.943015275 -87.649363406; 41.948602785 -87.648031778; 41.949092979 -87.643736581; 41.937227668 -87.644305471; 41.93374417 -87.644581852; 41.93991842 -87.653288878; 
41.905053047 -87.669704938; 41.920394271 -87.66845103; 41.905529073 -87.667554656; 41.913225827 -87.680315266; 41.910138757 -87.651084821; 41.910138757 -87.651084821; 
41.900870422 -87.624184899; 41.899410159 -87.624131266; 41.897982937 -87.624095634; 41.900870422 -87.624184899; 41.900870422 -87.624184899; 
41.899145291 -87.627910223; 41.90136194 -87.627797666; 41.90136194 -87.627797666; 41.899145291 -87.627910223; 
41.889786329 -87.621946; 41.892505345 -87.626304822; 41.889786329 -87.621946; 
41.879499198 -87.627002693; 41.883500187 -87.627876698; 41.88529876 -87.624489335; 41.88529876 -87.624489335; 41.882389156 -87.624374606; 41.882389156 -87.624374606; 
