41.8074405 -87.703955849; 41.775299593 -87.644670291; 41.782574883 -87.670357078; 
41.985923165 -87.670804114; 42.011593995 -87.663999046; 42.018244679 -87.690186314; 41.985923165 -87.670804114; 
41.779872827 -87.586450869; 41.76916785 -87.566530745; 41.751163918 -87.555307461; 41.779872827 -87.586450869; 
41.894954568 -87.753930948; 41.924250576 -87.745545036; 41.895865279 -87.754400207; 41.880097909 -87.773997324; 41.924250576 -87.745545036; 41.884555286 -87.736522488; 41.895175706 -87.736559521; 41.894954568 -87.753930948; 
41.823559787 -87.637714542; 41.832329279 -87.616983146; 41.820254095 -87.600388638; 41.820254095 -87.600388638; 41.825031865 -87.618238558; 41.823559787 -87.637714542; 
41.94219754 -87.688249516; 41.894813792 -87.687911169; 41.94219754 -87.688249516; 41.910180144 -87.700982134; 41.919123883 -87.685770303; 41.929143806 -87.703668654; 41.92387131 -87.696055279; 41.910180144 -87.700982134; 41.894813792 -87.687911169; 
41.887762602 -87.661382015; 41.887445308 -87.662968192; 41.910914175 -87.648578343; 41.906132875 -87.667566751; 41.887762602 -87.661382015; 41.882980737 -87.65693728; 41.887762602 -87.661382015; 41.910914175 -87.648578343; 
41.85862109 -87.631949545; 41.868541914 -87.639235361; 41.868541914 -87.639235361; 41.869527301 -87.639268759; 
41.895140898 -87.624255632; 41.891694878 -87.626155832; 41.896714548 -87.625340136; 41.896714548 -87.625340136; 41.899410159 -87.624131266; 
41.883475491 -87.627876969; 41.882381731 -87.629412971; 41.882470918 -87.627847625; 41.883475491 -87.627876969; 
