41.760065748 -87.663661519; 41.747123092 -87.673056237; 41.747123092 -87.673056237; 41.760065748 -87.663661519; 
41.696711206 -87.628006713; 41.754296748 -87.610158869; 41.708532535 -87.565724568; 41.780171969 -87.574725996; 41.722362598 -87.58382047; 41.750552285 -87.584265882; 41.695908161 -87.595822806; 41.754296748 -87.610158869; 41.695982095 -87.596653142; 41.722362598 -87.58382047; 41.754391927 -87.599203385; 41.695908161 -87.595822806; 41.792210513 -87.624023407; 
41.912149595 -87.736181; 41.922885269 -87.751190651; 41.909664252 -87.742728815; 41.912149595 -87.736181; 41.91706004 -87.734794136; 41.91706004 -87.734794136; 41.938818641 -87.747491584; 
42.019504078 -87.666116797; 41.994567448 -87.659034709; 42.002829547 -87.660794406; 41.994567448 -87.659034709; 41.988719229 -87.668384208; 
41.975752452 -87.707854535; 41.968763818 -87.688661831; 41.969272989 -87.707278091; 
41.863375231 -87.659636657; 41.865683297 -87.661536169; 41.865683297 -87.661536169; 41.863375231 -87.659636657; 
41.915051878 -87.669031879; 41.9090189 -87.677422819; 41.916661471 -87.688547164; 
41.911367051 -87.626401638; 41.910914175 -87.648578343; 41.922287705 -87.647442584; 41.911367051 -87.626401638; 41.910914175 -87.648578343; 41.916520776 -87.638098448; 41.911610082 -87.634723998; 41.9103799 -87.648260756; 
41.880509252 -87.624358666; 41.882394062 -87.627844798; 41.87766908 -87.629284766; 41.880509252 -87.624358666; 41.876607964 -87.627644063; 41.882389156 -87.624374606; 41.884276844 -87.622098929; 41.882422496 -87.626221364; 41.885481891 -87.627935689; 41.87766908 -87.629284766; 41.882389156 -87.624374606; 
41.894262326 -87.616673471; 41.892569818 -87.62208039; 41.899410159 -87.624131266; 41.892631323 -87.6182857; 41.899410159 -87.624131266; 41.897596067 -87.623218373; 
