41.695982095 -87.596653142; 41.735752519 -87.625429032; 41.695982095 -87.596653142; 
41.774967818 -87.703045282; 41.799905585 -87.708643314; 41.799905585 -87.708643314; 41.789204622 -87.703437543; 
41.756418148 -87.576090645; 41.783449861 -87.640971514; 41.780682383 -87.575970224; 41.76677448 -87.566478603; 41.78015499 -87.584687735; 41.788383373 -87.629114847; 41.744093932 -87.594707324; 41.783449861 -87.640971514; 41.779511964 -87.605912319; 
41.869965095 -87.713905843; 41.872005323 -87.744933466; 41.869965095 -87.713905843; 
41.893868901 -87.768463353; 41.898663318 -87.747153502; 41.893868901 -87.768463353; 41.883656549 -87.749064412; 
41.931138327 -87.697596282; 41.971006013 -87.70854818; 41.954403064 -87.710478691; 41.960685918 -87.691787583; 41.971006013 -87.70854818; 41.975548007 -87.72651654; 41.928822325 -87.687781609; 
41.9373334 -87.658877179; 41.941185738 -87.640807804; 41.941185738 -87.640807804; 41.948131367 -87.649510899; 41.948131367 -87.649510899; 
41.863375231 -87.659636657; 41.863375231 -87.659636657; 41.863375231 -87.659636657; 41.863375231 -87.659636657; 41.863375231 -87.659636657; 
41.891990384 -87.611461502; 41.891990384 -87.611461502; 41.891990384 -87.611461502; 41.891990384 -87.611461502; 41.891990384 -87.611461502; 41.891990384 -87.611461502; 
41.879007964 -87.626108456; 41.901148409 -87.628328971; 41.898160974 -87.637496886; 41.903775756 -87.639324074; 41.896472326 -87.643252484; 41.887338112 -87.624551258; 41.896472326 -87.643252484; 41.893349463 -87.623456403; 41.885909437 -87.630979095; 41.895748419 -87.623536353; 41.895140898 -87.624255632; 41.879007964 -87.626108456; 
