42.011593995 -87.663999046; 41.994722597 -87.700752912; 42.011593995 -87.663999046; 42.018450661 -87.679048433; 
41.809552837 -87.604923307; 41.79107391 -87.586705889; 41.802875687 -87.607907402; 41.809552837 -87.604923307; 41.802875687 -87.607907402; 41.774296795 -87.607052733; 
41.949046572 -87.75456992; 41.950963636 -87.752170425; 41.950963636 -87.752170425; 41.942492856 -87.745822275; 
41.750930634 -87.626215118; 41.76100386 -87.634556692; 41.76100386 -87.634556692; 41.750930634 -87.626215118; 
41.78453577 -87.654629028; 41.796032224 -87.645966638; 41.78453577 -87.654629028; 41.793579386 -87.645142068; 
41.870923949 -87.709042772; 41.88210227 -87.684954457; 41.870773876 -87.720925402; 41.861717546 -87.721386272; 41.879674276 -87.703816712; 41.879674276 -87.703816712; 41.856127504 -87.718818669; 41.88210227 -87.684954457; 41.870923949 -87.709042772; 
41.743208229 -87.653972475; 41.738954695 -87.655856654; 41.738954695 -87.655856654; 41.743208229 -87.653972475; 
41.753479344 -87.668373369; 41.756531485 -87.66845548; 41.756531485 -87.66845548; 41.750154295 -87.661008708; 41.753479344 -87.668373369; 
41.892297612 -87.744119215; 41.878560874 -87.748064308; 41.892593987 -87.745725183; 41.892593987 -87.745725183; 
41.917709533 -87.731473892; 41.912516283 -87.723969036; 41.908590075 -87.735078993; 41.896141039 -87.728569074; 41.908661082 -87.72405346; 41.908590075 -87.735078993; 41.908661082 -87.72405346; 41.917709533 -87.731473892; 41.912516283 -87.723969036; 
