41.677661758 -87.652872258; 41.700466571 -87.61358194; 41.677661758 -87.652872258; 41.688882891 -87.628659715; 41.706987456 -87.620244029; 41.677661758 -87.652872258; 41.692363894 -87.64150249; 
41.746619062 -87.619072744; 41.742710224 -87.634088181; 41.738892342 -87.640794472; 41.736148121 -87.629070243; 41.778871742 -87.59631384; 41.78721343 -87.598308367; 41.76678888 -87.618504495; 41.746619062 -87.619072744; 41.736148121 -87.629070243; 41.738892342 -87.640794472; 
41.87483799 -87.755864123; 41.894860447 -87.764194002; 41.894860447 -87.764194002; 41.915971151 -87.746065586; 41.90971226 -87.73926766; 41.87613673 -87.728805441; 41.90971226 -87.73926766; 
41.852198325 -87.674377204; 41.867743811 -87.699605209; 41.872213861 -87.677068585; 41.852198325 -87.674377204; 41.867743811 -87.699605209; 
42.001064985 -87.661254473; 42.018498254 -87.672983233; 42.014916096 -87.670904385; 42.018498254 -87.672983233; 42.014916096 -87.670904385; 42.001064985 -87.661254473; 
41.945408724 -87.653605469; 41.94638051 -87.648121744; 41.939105888 -87.647710792; 41.945408724 -87.653605469; 
41.930049492 -87.685920733; 41.917061131 -87.687393113; 41.925098106 -87.672293669; 41.918060574 -87.656519195; 41.917061131 -87.687393113; 
41.847503354 -87.619797776; 41.850657231 -87.612880723; 41.852200348 -87.622263531; 41.850657231 -87.612880723; 
41.903919035 -87.630396032; 41.917402098 -87.635454463; 41.910021537 -87.631633283; 41.903892302 -87.631858359; 41.914055338 -87.633396724; 41.903919035 -87.630396032; 41.914055338 -87.633396724; 
41.882389156 -87.624374606; 41.880781519 -87.626680112; 41.885741029 -87.631711749; 41.880315857 -87.630845731; 41.885741029 -87.631711749; 41.886817789 -87.634579186; 41.880315857 -87.630845731; 41.880781519 -87.626680112; 41.892753031 -87.624193896; 41.883209931 -87.631563173; 41.882389156 -87.624374606; 
