41.881883933 -87.640060441; 41.8880785 -87.632508822; 41.896704058 -87.626309934; 41.889453169 -87.627994833; 41.889571081 -87.636973116; 41.889571081 -87.636973116; 41.8880785 -87.632508822; 41.896704058 -87.626309934; 41.889453169 -87.627994833; 41.885874461 -87.625283558; 41.881883933 -87.640060441; 41.885874461 -87.625283558; 
41.747746026 -87.55148632; 41.733087643 -87.551330717; 41.733087643 -87.551330717; 41.747746026 -87.55148632; 
41.950615509 -87.649616689; 41.950615509 -87.649616689; 41.942351064 -87.649344776; 41.942351064 -87.649344776; 
41.781985055 -87.699566731; 41.781985055 -87.699566731; 41.780055973 -87.69463978; 41.808440123 -87.681446571; 41.808440123 -87.681446571; 41.780055973 -87.69463978; 
41.909390201 -87.76454622; 41.902370457 -87.76565911; 41.891060252 -87.768759881; 41.901094731 -87.774119002; 41.873852593 -87.76240869; 41.891060252 -87.768759881; 41.909390201 -87.76454622; 41.902370457 -87.76565911; 41.873852593 -87.76240869; 41.901094731 -87.774119002; 
41.70810045 -87.62182116; 41.70810045 -87.62182116; 41.725679409 -87.606292755; 41.725679409 -87.606292755; 41.707658221 -87.623532647; 41.707658221 -87.623532647; 
41.871866782 -87.706808595; 41.871866782 -87.706808595; 41.877397883 -87.699568589; 41.873435105 -87.726481003; 41.873435105 -87.726481003; 41.877397883 -87.699568589; 
41.791685711 -87.654810301; 41.791685711 -87.654810301; 41.782586878 -87.658279436; 41.812456531 -87.64868896; 41.812456531 -87.64868896; 41.782586878 -87.658279436; 
41.912241564 -87.687269034; 41.913094157 -87.683226402; 41.912241564 -87.687269034; 41.913094157 -87.683226402; 
41.908602486 -87.722838013; 41.899915838 -87.716463223; 41.900039997 -87.72378279; 41.914982044 -87.706897788; 41.899915838 -87.716463223; 41.914982044 -87.706897788; 41.900039997 -87.72378279; 41.908602486 -87.722838013; 
41.770265624 -87.615379281; 41.766494399 -87.620135291; 41.770265624 -87.615379281; 41.766494399 -87.620135291; 
41.759466507 -87.612699454; 41.754260352 -87.616613172; 41.759466507 -87.612699454; 41.754260352 -87.616613172; 
41.750421805 -87.658891391; 41.749744257 -87.673117329; 41.750421805 -87.658891391; 41.749744257 -87.673117329; 
41.755695731 -87.639430067; 41.76287055 -87.645565614; 41.76287055 -87.645565614; 41.755695731 -87.639430067; 
