41.725374203 -87.563234596; 41.703847723 -87.564454637; 41.703847723 -87.564454637; 41.725374203 -87.563234596; 
41.891780948 -87.632585879; 41.891072348 -87.616485094; 41.891780948 -87.632585879; 41.891072348 -87.616485094; 
41.937139637 -87.648397094; 41.971029037 -87.659724304; 41.945332077 -87.657822461; 41.949946924 -87.654410111; 41.971029037 -87.659724304; 41.945465006 -87.646462717; 41.945465006 -87.646462717; 41.937139637 -87.648397094; 41.945332077 -87.657822461; 41.949946924 -87.654410111; 
41.699999531 -87.614378101; 41.699999531 -87.614378101; 41.690760217 -87.624231024; 41.690760217 -87.624231024; 
41.852731587 -87.701390474; 41.853385754 -87.732782056; 41.852731587 -87.701390474; 41.848448484 -87.682350836; 41.853385754 -87.732782056; 41.848448484 -87.682350836; 
41.923350472 -87.72551584; 41.903687704 -87.723898707; 41.931391665 -87.757033797; 41.903687704 -87.723898707; 41.902798359 -87.710054792; 41.89565487 -87.696012648; 41.89565487 -87.696012648; 41.947255645 -87.704166829; 41.892802107 -87.713791753; 41.931391665 -87.757033797; 41.947255645 -87.704166829; 41.892802107 -87.713791753; 41.902798359 -87.710054792; 41.923350472 -87.72551584; 
41.850656285 -87.623748793; 41.823156373 -87.621587057; 41.823156373 -87.621587057; 41.850656285 -87.623748793; 41.812250127 -87.61270236; 41.812250127 -87.61270236; 
41.74939951 -87.654922303; 41.737260844 -87.649730029; 41.737260844 -87.649730029; 41.76248935 -87.672257284; 41.763181553 -87.657742464; 41.76248935 -87.672257284; 41.763181553 -87.657742464; 41.74939951 -87.654922303; 
41.736422269 -87.604815966; 41.735610104 -87.613548753; 41.736422269 -87.604815966; 41.735610104 -87.613548753; 
41.775654946 -87.613112173; 41.775654946 -87.613112173; 41.777541862 -87.615558432; 41.777541862 -87.615558432; 
41.755931858 -87.61664955; 41.759313126 -87.634516391; 41.750794483 -87.633560686; 41.755931858 -87.61664955; 41.750794483 -87.633560686; 41.759313126 -87.634516391; 
