41.854482855 -87.685703329; 41.881183104 -87.68498211; 41.849064595 -87.700274087; 41.849064595 -87.700274087; 
41.901056721 -87.775331523; 41.917078812 -87.756695962; 41.915729613 -87.746056778; 41.915729613 -87.746056778; 41.909616287 -87.746755729; 41.909616287 -87.746755729; 41.931449769 -87.752770226; 41.917078812 -87.756695962; 41.893583428 -87.720292522; 41.893583428 -87.720292522; 
41.773217199 -87.597822974; 41.771196177 -87.572767883; 41.751420646 -87.592486791; 41.751420646 -87.592486791; 41.773217199 -87.597822974; 
41.918578314 -87.636183854; 41.922450893 -87.632206293; 41.924610323 -87.63306089; 41.918578314 -87.636183854; 41.924610323 -87.63306089; 41.920983178 -87.637693589; 41.918578314 -87.636183854; 41.917369261 -87.639999835; 
41.764376777 -87.703401867; 41.764376777 -87.703401867; 41.778606548 -87.697033589; 41.778731944 -87.688515527; 
41.863642218 -87.627331436; 41.86821682 -87.6304532; 41.86821682 -87.6304532; 41.85366142 -87.633167306; 41.85366142 -87.633167306; 41.842709067 -87.626890005; 41.842709067 -87.626890005; 
41.8030864 -87.611734088; 41.8030864 -87.611734088; 41.82178843 -87.606046698; 41.82178843 -87.606046698; 
41.892753031 -87.624193896; 41.893469034 -87.632648229; 41.897211487 -87.625823165; 41.893469034 -87.632648229; 41.897211487 -87.625823165; 41.891162264 -87.639614884; 41.891162264 -87.639614884; 
41.882249994 -87.629410745; 41.884470703 -87.633102775; 41.881582612 -87.626197575; 41.881624191 -87.629391908; 41.881582612 -87.626197575; 41.884476226 -87.631310613; 41.880579428 -87.627732563; 41.881582612 -87.626197575; 41.882249994 -87.629410745; 41.884470703 -87.633102775; 41.881582612 -87.626197575; 41.881582612 -87.626197575; 41.881582612 -87.626197575; 
41.746469792 -87.646348987; 41.736148121 -87.629070243; 41.751452878 -87.624567581; 41.740918989 -87.631967753; 41.740918989 -87.631967753; 
41.766455964 -87.648089576; 41.778702144 -87.661759167; 41.768199866 -87.646923653; 41.779723151 -87.646463474; 41.778702144 -87.661759167; 
