41.844291726 -87.721431241; 41.844243782 -87.725321944; 41.844243782 -87.725321944; 41.844291726 -87.721431241; 
41.902728233 -87.775386764; 41.881768482 -87.749059579; 41.897678703 -87.758119375; 41.902728233 -87.775386764; 
41.819203963 -87.621480413; 41.821456863 -87.610907852; 41.826745925 -87.631405999; 41.819203963 -87.621480413; 41.821456863 -87.610907852; 
41.959485786 -87.689663489; 41.977113891 -87.659888198; 41.968710831 -87.682190533; 41.968710831 -87.682190533; 41.977113891 -87.659888198; 
41.914784778 -87.672679335; 41.941554761 -87.666996234; 41.912441678 -87.668482136; 41.912441678 -87.668482136; 41.906598157 -87.659825297; 41.914784778 -87.672679335; 41.941554761 -87.666996234; 
41.882394062 -87.627844798; 41.884296382 -87.623038828; 41.87766908 -87.629284766; 41.887521986 -87.624552898; 41.883202953 -87.635823077; 41.879422242 -87.630113765; 41.87766908 -87.629284766; 41.886995567 -87.639913366; 41.880801792 -87.625515824; 41.880595719 -87.639413385; 41.885260516 -87.633916764; 
41.685066437 -87.643283025; 41.685066437 -87.643283025; 41.702606515 -87.643915804; 41.688179569 -87.615673967; 41.688179569 -87.615673967; 
41.750538141 -87.634278086; 41.747851897 -87.66337071; 41.760903559 -87.644303769; 41.731606288 -87.65321547; 41.747851897 -87.66337071; 
41.752128151 -87.603986066; 41.7486297 -87.613645196; 41.748656829 -87.595424583; 41.752128151 -87.603986066; 
41.751717281 -87.567002336; 41.765755571 -87.576292427; 41.765755571 -87.576292427; 41.767570172 -87.573892082; 41.765882176 -87.57385334; 
