41.735857166 -87.624152861; 41.706925829 -87.642045876; 41.689804788 -87.666334849; 41.722660778 -87.656632253; 
41.736491541 -87.615385513; 41.722362598 -87.58382047; 41.722362598 -87.58382047; 41.72182671 -87.575339397; 41.721019913 -87.588352566; 
41.813058634 -87.69068044; 41.779125969 -87.692724188; 41.794172544 -87.70357593; 41.778513418 -87.69459276; 41.781985055 -87.699566731; 41.794172544 -87.70357593; 
41.784507232 -87.661914922; 41.806105713 -87.664902504; 41.806105713 -87.664902504; 41.802685798 -87.664809681; 
41.870931735 -87.686157813; 41.882105768 -87.684601889; 41.854005361 -87.695512317; 41.849954132 -87.685580175; 41.881348623 -87.674525788; 41.88210198 -87.684903049; 41.852029531 -87.6861979; 
41.830615654 -87.656142227; 41.837291982 -87.634079693; 41.836385231 -87.66571041; 41.831478244 -87.646126931; 41.830901193 -87.634629927; 
41.972402958 -87.65490716; 41.982591102 -87.656586509; 41.976851852 -87.654999693; 41.976851852 -87.654999693; 41.971819529 -87.672024081; 41.962583234 -87.65567317; 
41.99859476 -87.687466852; 42.001673661 -87.663510697; 41.999457755 -87.695555488; 41.998508357 -87.672288617; 41.998347557 -87.680152053; 
41.905511981 -87.673627207; 41.925098106 -87.672293669; 41.92510186 -87.671992307; 41.925098106 -87.672293669; 41.938044121 -87.678305276; 41.923589048 -87.651687486; 41.92510186 -87.671992307; 
41.86724511 -87.640347123; 41.86724511 -87.640347123; 41.865397377 -87.640660777; 41.867346388 -87.632166244; 41.864493678 -87.639158; 
41.878123916 -87.633208786; 41.895002822 -87.621454706; 41.878123916 -87.633208786; 41.89804054 -87.624091323; 41.881968084 -87.63177506; 41.884276844 -87.622098929; 41.875367424 -87.627620993; 41.886410545 -87.63394829; 41.89247558 -87.627711831; 41.892569818 -87.62208039; 41.884494554 -87.627138636; 41.884521087 -87.622099893; 41.887919288 -87.628019052; 41.884688197 -87.636827836; 41.895002822 -87.621454706; 41.886146944 -87.624524028; 41.878123916 -87.633208786; 
