41.847869827 -87.696615617; 41.852029531 -87.6861979; 41.848010892 -87.685526373; 41.848010892 -87.685526373; 41.86187256 -87.716505967; 41.883173608 -87.741570031; 41.86187256 -87.716505967; 41.883173608 -87.741570031; 
41.772635626 -87.58384403; 41.76713466 -87.569051253; 41.76713466 -87.569051253; 41.772635626 -87.58384403; 
41.98568486 -87.712616165; 41.998090982 -87.706988347; 41.998090982 -87.706988347; 41.98568486 -87.712616165; 
41.809816207 -87.634958141; 41.772357737 -87.623483326; 41.794314175 -87.625162711; 41.809340827 -87.619234738; 41.809816207 -87.634958141; 41.809340827 -87.619234738; 
41.74934346 -87.611933174; 41.74899896 -87.605175838; 41.736269116 -87.627768243; 41.765558228 -87.622733535; 41.736269116 -87.627768243; 41.750018724 -87.622970906; 41.74934346 -87.611933174; 41.765558228 -87.622733535; 41.74899896 -87.605175838; 
41.946212132 -87.646579678; 41.94933263 -87.64847244; 41.94933263 -87.64847244; 41.96137851 -87.65474101; 41.946212132 -87.646579678; 41.96137851 -87.65474101; 
41.904816889 -87.689930043; 41.910463859 -87.678646108; 41.920086604 -87.67029509; 41.9022401 -87.678289321; 41.900496937 -87.69722443; 41.904816889 -87.689930043; 
41.907926167 -87.64819515; 41.907926167 -87.64819515; 41.911073717 -87.641317083; 41.913099916 -87.648341889; 41.913099916 -87.648341889; 
41.922472583 -87.646235362; 41.922507677 -87.653514209; 41.926169782 -87.646357379; 41.922507677 -87.653514209; 
41.899734047 -87.624142375; 41.896991375 -87.625730095; 41.902522915 -87.63140683; 41.899734047 -87.624142375; 
41.89364542 -87.634122793; 41.8880785 -87.632508822; 41.8880785 -87.632508822; 
41.886017951 -87.624521781; 41.888438092 -87.624476665; 41.888438092 -87.624476665; 41.88529876 -87.624489335; 41.886017951 -87.624521781; 
41.88033698 -87.629365643; 41.88033698 -87.629365643; 41.883500187 -87.627876698; 41.881515355 -87.627755316; 41.880775433 -87.627029031; 41.881515355 -87.627755316; 41.880775433 -87.627029031; 
