41.966490488 -87.72155391; 41.966490488 -87.72155391; 41.967142833 -87.715770961; 41.966490488 -87.72155391; 41.966490488 -87.72155391; 41.967142833 -87.715770961; 
41.930993562 -87.73922826; 41.942266661 -87.763559423; 41.934428261 -87.758972699; 41.942266661 -87.763559423; 
41.87076603 -87.721512927; 41.861718384 -87.71284742; 41.878511163 -87.687586864; 41.872709926 -87.711981088; 41.862990667 -87.720316852; 41.859840512 -87.735988797; 41.875196386 -87.731072469; 41.872709926 -87.711981088; 41.875196386 -87.731072469; 41.861718384 -87.71284742; 41.862990667 -87.720316852; 
41.882259123 -87.763692582; 41.897556162 -87.759406059; 41.882259123 -87.763692582; 41.897556162 -87.759406059; 
41.846801978 -87.623527134; 41.798996015 -87.659860293; 41.826243415 -87.675395577; 41.806037238 -87.658821908; 41.837723084 -87.648698613; 41.837723084 -87.648698613; 41.798996015 -87.659860293; 41.826243415 -87.675395577; 41.846801978 -87.623527134; 
41.914614222 -87.693443262; 41.910511504 -87.675938005; 41.910511504 -87.675938005; 41.914614222 -87.693443262; 
41.722997363 -87.646295034; 41.722997363 -87.646295034; 41.728599809 -87.623038402; 41.728599809 -87.623038402; 
41.890053025 -87.628704402; 41.889179438 -87.633040334; 41.889179438 -87.633040334; 41.890053025 -87.628704402; 41.890053025 -87.628704402; 
41.906765556 -87.630070917; 41.906765556 -87.630070917; 41.901794019 -87.627998616; 41.901794019 -87.627998616; 
41.757269363 -87.647850123; 41.747727244 -87.664584967; 41.764424938 -87.666233348; 41.764424938 -87.666233348; 41.747727244 -87.664584967; 41.757269363 -87.647850123; 
41.778749762 -87.687290803; 41.774659906 -87.694499017; 41.778749762 -87.687290803; 41.774659906 -87.694499017; 
41.757630995 -87.585708249; 41.740239742 -87.591966775; 41.740239742 -87.591966775; 41.757630995 -87.585708249; 41.757630995 -87.585708249; 41.757630995 -87.585708249; 
41.776402432 -87.59854181; 41.757732168 -87.606609135; 41.776402432 -87.59854181; 41.757732168 -87.606609135; 
