41.926470917 -87.703165774; 41.953465295 -87.743887042; 41.955965816 -87.722467073; 41.924537749 -87.722230465; 41.924537749 -87.722230465; 41.966871311 -87.729209612; 41.961136383 -87.712325027; 
41.88096768 -87.737940272; 41.879658582 -87.734228944; 41.88096768 -87.737940272; 
41.926287021 -87.785547998; 41.923637978 -87.789987521; 41.923637978 -87.789987521; 41.889013819 -87.76891746; 41.908348495 -87.773144618; 
41.764151886 -87.683229302; 41.764151886 -87.683229302; 41.755221304 -87.672060666; 41.772150026 -87.659162389; 41.749941059 -87.689419401; 41.755221304 -87.672060666; 
41.824675709 -87.617013434; 41.831122218 -87.62590563; 41.831122218 -87.62590563; 
41.712112271 -87.628439022; 41.702539206 -87.626957956; 41.688123792 -87.619496824; 41.706374894 -87.616182114; 41.706374894 -87.616182114; 
41.741949408 -87.617054222; 41.733475862 -87.631876538; 41.752130519 -87.605224736; 41.734537272 -87.623727727; 41.741008476 -87.648624014; 41.733475862 -87.631876538; 41.741008476 -87.648624014; 41.734537272 -87.623727727; 
41.759668763 -87.579219169; 41.79955117 -87.588001134; 41.757614433 -87.586115266; 41.767245969 -87.57632989; 41.779872827 -87.586450869; 41.767245969 -87.57632989; 41.750670013 -87.599102872; 41.79955117 -87.588001134; 41.757614433 -87.586115266; 
41.901993756 -87.628349059; 41.901073698 -87.63136393; 41.901073698 -87.63136393; 41.895273434 -87.629741563; 41.900228029 -87.627262836; 
41.879363342 -87.635754673; 41.881031663 -87.641167624; 41.878630716 -87.636673298; 41.881031663 -87.641167624; 41.878053886 -87.638849697; 41.878053886 -87.638849697; 41.878630716 -87.636673298; 
41.886467402 -87.632471344; 41.882394062 -87.627844798; 41.881623795 -87.626200793; 41.881722193 -87.624356274; 41.885927479 -87.633935196; 41.885927479 -87.633935196; 41.882394062 -87.627844798; 
