41.976762981 -87.900983721; 41.976762981 -87.900983721; 41.953783081 -87.915105451; 41.953783081 -87.915105451; 
41.778844906 -87.710988877; 41.778844906 -87.710988877; 41.767271702 -87.723692259; 41.767271702 -87.723692259; 
41.690403817 -87.653353085; 41.680837833 -87.669919801; 41.680837833 -87.669919801; 41.677661758 -87.652872258; 41.690403817 -87.653353085; 
41.991404284 -87.656853651; 41.965722052 -87.666829028; 41.965722052 -87.666829028; 41.991404284 -87.656853651; 
41.886089496 -87.610029585; 41.891990384 -87.611461502; 41.891694878 -87.626155832; 41.886089496 -87.610029585; 41.891990384 -87.611461502; 
41.923005158 -87.645351431; 41.90963274 -87.638547921; 41.923005158 -87.645351431; 41.899468916 -87.641864812; 41.90963274 -87.638547921; 
41.872455949 -87.733899671; 41.882757453 -87.709603286; 41.876369338 -87.713241817; 41.888673895 -87.747079568; 41.872455949 -87.733899671; 41.880362306 -87.755891501; 41.888673895 -87.747079568; 41.882757453 -87.709603286; 
41.777309867 -87.640802922; 41.777309867 -87.640802922; 41.777423832 -87.648368783; 41.777423832 -87.648368783; 41.791823295 -87.632923925; 41.791823295 -87.632923925; 
41.78161502 -87.615659667; 41.775815434 -87.615515359; 41.776018543 -87.615520426; 41.764023501 -87.605530144; 41.78161502 -87.615659667; 41.776018543 -87.615520426; 
41.934348664 -87.758969738; 41.935664385 -87.766396707; 41.935664385 -87.766396707; 41.934348664 -87.758969738; 
41.918776618 -87.765884835; 41.909943001 -87.764236387; 41.919261775 -87.768551783; 41.919261775 -87.768551783; 41.909943001 -87.764236387; 
