41.670279026 -87.622420806; 41.69143751 -87.621034563; 41.651820796 -87.616714368; 41.670279026 -87.622420806; 41.69143751 -87.621034563; 
41.803246575 -87.728350438; 41.803246575 -87.728350438; 41.783458759 -87.74123384; 41.775589703 -87.755560131; 
41.891949807 -87.760532374; 41.891949807 -87.760532374; 41.881331949 -87.766543076; 41.894027676 -87.7491866; 41.894027676 -87.7491866; 41.881331949 -87.766543076; 
41.922763145 -87.697135597; 41.933755774 -87.71508615; 41.947203807 -87.701722837; 41.922763145 -87.697135597; 41.933755774 -87.71508615; 41.947203807 -87.701722837; 
41.884833147 -87.635390369; 41.881883933 -87.640060441; 41.867234401 -87.641301791; 41.881883933 -87.640060441; 41.884833147 -87.635390369; 41.867234401 -87.641301791; 
41.890005929 -87.712305636; 41.885386072 -87.707014386; 41.885386072 -87.707014386; 41.890005929 -87.712305636; 
41.881306237 -87.681525362; 41.879681908 -87.666750783; 41.883732346 -87.679146759; 41.881306237 -87.681525362; 41.883732346 -87.679146759; 41.868422155 -87.686895382; 
41.856581054 -87.719985296; 41.856192024 -87.705379524; 41.856192024 -87.705379524; 41.856581054 -87.719985296; 41.866182365 -87.724467971; 41.860066967 -87.720117178; 
41.762299341 -87.690520091; 41.762299341 -87.690520091; 41.765571063 -87.690612062; 41.765571063 -87.690612062; 
41.780446995 -87.695867811; 41.786481939 -87.689024553; 41.780446995 -87.695867811; 41.786481939 -87.689024553; 
41.780037135 -87.624513216; 41.74977872 -87.651297635; 41.766157047 -87.637169319; 41.74977872 -87.651297635; 41.780037135 -87.624513216; 41.766157047 -87.637169319; 
41.75938721 -87.60664544; 41.75938721 -87.60664544; 41.728588514 -87.589166334; 41.746784577 -87.602624733; 41.730949275 -87.604683641; 41.750708453 -87.599106098; 41.77454286 -87.602148439; 41.77454286 -87.602148439; 41.728588514 -87.589166334; 41.746784577 -87.602624733; 
