41.76204235 -87.676619975; 41.793766857 -87.689795045; 41.793766857 -87.689795045; 
41.946542649 -87.714356095; 41.977579027 -87.709171662; 41.972944196 -87.728159323; 41.959309268 -87.713438406; 41.950905262 -87.70915992; 41.95347181 -87.743552438; 
41.791511621 -87.646297298; 41.773202255 -87.599348192; 41.809545464 -87.605491938; 41.80475662 -87.619472702; 41.799490663 -87.593499384; 41.819269537 -87.604802194; 41.809545464 -87.605491938; 41.80475662 -87.619472702; 41.819269537 -87.604802194; 
41.748188011 -87.673078306; 41.730390353 -87.658767583; 41.772580796 -87.637968692; 41.750111323 -87.644030737; 41.750111323 -87.644030737; 41.730390353 -87.658767583; 
41.93447833 -87.652648383; 41.918521125 -87.699220641; 41.93121391 -87.676890454; 41.939923405 -87.668667203; 41.93447833 -87.652648383; 41.939923405 -87.668667203; 
41.858345496 -87.668668339; 41.852002281 -87.688672081; 41.853803931 -87.691865754; 41.853803931 -87.691865754; 
41.891189193 -87.674476097; 41.898836572 -87.682030329; 41.898836572 -87.682030329; 41.895900086 -87.677663589; 
41.892478752 -87.663055128; 41.892754715 -87.655835162; 41.88720883 -87.649852506; 41.88720883 -87.649852506; 41.892754715 -87.655835162; 41.892478752 -87.663055128; 41.881655151 -87.655056417; 
41.892569818 -87.62208039; 41.890455604 -87.6241128; 41.893812529 -87.624229924; 41.893812529 -87.624229924; 41.890455604 -87.6241128; 
41.884494554 -87.627138636; 41.886467402 -87.632471344; 41.885741529 -87.631344503; 41.882088566 -87.625916581; 41.883219258 -87.626818503; 41.883219258 -87.626818503; 41.882088566 -87.625916581; 
