41.964296081 -87.666531352; 41.977017622 -87.692447486; 41.997800745 -87.685837792; 41.997800745 -87.685837792; 41.977017622 -87.692447486; 
41.877200608 -87.630758677; 41.879937206 -87.627721268; 41.879937206 -87.627721268; 41.887065741 -87.632486839; 
41.692358646 -87.623096746; 41.656484744 -87.605132044; 41.693909486 -87.618275829; 41.692358646 -87.623096746; 
41.846125213 -87.684488394; 41.845712349 -87.707511593; 41.861674964 -87.716504195; 41.861674964 -87.716504195; 41.845712349 -87.707511593; 41.846125213 -87.684488394; 
41.874221166 -87.736133965; 41.881805768 -87.746147189; 41.881805768 -87.746147189; 41.874221166 -87.736133965; 41.873119908 -87.745551103; 
41.717096657 -87.57343539; 41.709424833 -87.563322438; 41.709424833 -87.563322438; 41.722571242 -87.56718758; 41.717096657 -87.57343539; 
41.732942865 -87.555472437; 41.732942865 -87.555472437; 41.734584273 -87.55551858; 41.734584273 -87.55551858; 
41.803912696 -87.664844608; 41.809803372 -87.64556634; 41.809803372 -87.64556634; 41.803912696 -87.664844608; 
41.748772882 -87.600264177; 41.764112658 -87.600129909; 41.764112658 -87.600129909; 41.751330763 -87.601154923; 41.751330763 -87.601154923; 41.748979348 -87.585881934; 
41.782386322 -87.637543772; 41.782386322 -87.637543772; 41.779012821 -87.664208692; 41.775818341 -87.644683072; 41.775818341 -87.644683072; 41.779012821 -87.664208692; 41.76978184 -87.655455411; 
41.763610987 -87.697896531; 41.778453277 -87.684837367; 41.778453277 -87.684837367; 41.763610987 -87.697896531; 
