41.749635589 -87.717805151; 41.744511708 -87.734900688; 41.744511708 -87.734900688; 41.785519673 -87.738567526; 
41.773380587 -87.651909162; 41.779653638 -87.649070992; 41.778062659 -87.602834376; 41.768275084 -87.638436748; 41.776925486 -87.676281184; 41.836492966 -87.719457898; 41.806379228 -87.684365088; 41.782087594 -87.613993478; 41.776102326 -87.613121832; 41.791639611 -87.674231412; 41.806379228 -87.684365088; 41.787454511 -87.620009361; 41.779653638 -87.649070992; 41.802132606 -87.613677631; 
42.00695915 -87.673492597; 41.963070794 -87.655984213; 41.976851852 -87.654999693; 41.980727475 -87.656532686; 41.987026509 -87.665624761; 41.980727475 -87.656532686; 41.963070794 -87.655984213; 41.976851852 -87.654999693; 42.00695915 -87.673492597; 
41.900234662 -87.692499565; 41.882105768 -87.684601889; 41.901140027 -87.692949675; 41.91022554 -87.696286545; 41.896089093 -87.666168817; 41.882105768 -87.684601889; 41.91022554 -87.696286545; 
41.918310883 -87.639603844; 41.929225856 -87.644817879; 41.921805764 -87.649457686; 41.929225856 -87.644817879; 41.918310883 -87.639603844; 
41.896714548 -87.625340136; 41.892017399 -87.624165306; 41.890436396 -87.624113013; 41.891133566 -87.624134682; 41.892485711 -87.627127745; 41.892042096 -87.624165033; 41.896714548 -87.625340136; 41.891133566 -87.624134682; 41.894066784 -87.628531735; 41.892485711 -87.627127745; 
41.878053886 -87.638849697; 41.878498359 -87.635213281; 41.878498359 -87.635213281; 41.879361356 -87.635879544; 
41.882774244 -87.629427024; 41.882774244 -87.629427024; 41.882774244 -87.629427024; 41.881988297 -87.630144384; 
41.881582612 -87.626197575; 41.881582612 -87.626197575; 41.881582612 -87.626197575; 
41.882394062 -87.627844798; 41.882394062 -87.627844798; 41.881493402 -87.627755557; 41.881493402 -87.627755557; 41.882394062 -87.627844798; 41.882394062 -87.627844798; 
