41.791526694 -87.588816507; 41.75198718 -87.612522919; 41.757368233 -87.632847888; 41.760010965 -87.573677005; 41.754137211 -87.624633337; 41.755912649 -87.616649764; 41.777503445 -87.615558861; 41.736148121 -87.629070243; 41.739073401 -87.648567625; 
41.678519693 -87.662497935; 41.678519693 -87.662497935; 41.689908077 -87.633854823; 41.687518468 -87.657828064; 41.689908077 -87.633854823; 
41.909588772 -87.748894125; 41.913708484 -87.752802443; 41.913708484 -87.752802443; 41.906079486 -87.775497182; 
41.956579625 -87.672269899; 41.958675171 -87.67591381; 41.969360298 -87.659679373; 41.978991238 -87.659941972; 41.978991238 -87.659941972; 41.978991238 -87.659941972; 
41.874947338 -87.72547164; 41.873578134 -87.764614167; 41.874947338 -87.72547164; 41.873578134 -87.764614167; 41.873987322 -87.751524432; 41.873987322 -87.751524432; 
41.954502682 -87.705591836; 41.930700574 -87.710860009; 41.930970803 -87.700056527; 41.949449432 -87.707894849; 41.930700574 -87.710860009; 41.903657984 -87.717812092; 41.903657984 -87.717812092; 
41.910611706 -87.639790083; 41.907926167 -87.64819515; 41.918770884 -87.639433518; 41.907926167 -87.64819515; 41.910860169 -87.65195519; 
41.897895128 -87.624096605; 41.897895128 -87.624096605; 41.901680889 -87.628345154; 41.893004965 -87.628117361; 41.893004965 -87.628117361; 
41.866908256 -87.662180514; 41.881467808 -87.665230304; 41.881467808 -87.665230304; 41.866908256 -87.662180514; 41.885916313 -87.654482517; 
41.867868979 -87.627431787; 41.867868979 -87.627431787; 41.869527301 -87.639268759; 41.868050592 -87.639218648; 41.878053886 -87.638849697; 
