41.721105517 -87.626223519; 41.682057654 -87.644490291; 41.690443055 -87.650251566; 41.706987456 -87.620244029; 41.706987456 -87.620244029; 
41.752437951 -87.578446251; 41.750856419 -87.558942896; 41.752437951 -87.578446251; 41.750856419 -87.558942896; 41.767534762 -87.584383605; 
41.772509656 -87.626759005; 41.765246162 -87.641750083; 41.777309867 -87.640802922; 41.777309867 -87.640802922; 41.750154295 -87.661008708; 41.750154295 -87.661008708; 
41.778730518 -87.684849239; 41.807946599 -87.668595349; 41.778730518 -87.684849239; 41.778660358 -87.693381423; 41.778660358 -87.693381423; 41.807946599 -87.668595349; 
41.907044406 -87.695689981; 41.917161131 -87.726864226; 41.884268781 -87.682758532; 41.921870229 -87.716049707; 41.907044406 -87.695689981; 41.921870229 -87.716049707; 41.884268781 -87.682758532; 41.917161131 -87.726864226; 
41.853143528 -87.695487845; 41.853143528 -87.695487845; 41.846418291 -87.698134778; 41.846418291 -87.698134778; 
41.896685066 -87.627683859; 41.896685066 -87.627683859; 41.894024927 -87.63155498; 41.894024927 -87.63155498; 
41.885981015 -87.642781484; 41.88154768 -87.641184088; 41.879768049 -87.651969802; 41.879768049 -87.651969802; 41.881966663 -87.631991735; 41.88154768 -87.641184088; 41.885981015 -87.642781484; 
41.870016119 -87.726028701; 41.880679165 -87.729460332; 41.86237998 -87.716967317; 41.854327085 -87.730695678; 41.86237998 -87.716967317; 41.870016119 -87.726028701; 41.854327085 -87.730695678; 41.886790591 -87.728936377; 41.880679165 -87.729460332; 41.886790591 -87.728936377; 
41.869347393 -87.745714166; 41.875688696 -87.76024432; 41.874861155 -87.753925205; 41.874861155 -87.753925205; 41.875688696 -87.76024432; 
