41.942190533 -87.769819748; 41.934097375 -87.759754809; 41.934097375 -87.759754809; 41.942190533 -87.769819748; 
41.967228591 -87.741428903; 41.967228591 -87.741428903; 41.972555151 -87.709816453; 41.972555151 -87.709816453; 
41.880366516 -87.6243529; 41.880366516 -87.6243529; 41.895003278 -87.62152816; 41.895003278 -87.62152816; 
41.786224136 -87.651028829; 41.813410084 -87.669954816; 41.813410084 -87.669954816; 41.786224136 -87.651028829; 
41.895153375 -87.68437804; 41.904993202 -87.677919542; 41.904993202 -87.677919542; 41.895153375 -87.68437804; 41.902074057 -87.688223759; 41.902074057 -87.688223759; 
41.897813192 -87.657842309; 41.892187371 -87.656421457; 41.897813192 -87.657842309; 41.892187371 -87.656421457; 
41.751827103 -87.559231739; 41.751827103 -87.559231739; 41.758866805 -87.577036792; 41.758866805 -87.577036792; 
41.749345122 -87.611760918; 41.758970818 -87.624778076; 41.751147164 -87.613356881; 41.753145614 -87.602153123; 41.751147164 -87.613356881; 41.749345122 -87.611760918; 41.758970818 -87.624778076; 41.753145614 -87.602153123; 
41.724388265 -87.626312075; 41.739013985 -87.647348131; 41.739013985 -87.647348131; 41.724388265 -87.626312075; 
41.697201102 -87.61714087; 41.700861748 -87.639005561; 41.700861748 -87.639005561; 41.697201102 -87.61714087; 
