41.752895547 -87.561406799; 41.753428766 -87.575546737; 41.7657767 -87.582439315; 41.756468959 -87.562683388; 41.753428766 -87.575546737; 41.7657767 -87.582439315; 41.756468959 -87.562683388; 41.740892712 -87.606110179; 41.750438473 -87.601524202; 41.750438473 -87.601524202; 
41.872153864 -87.633442836; 41.888131743 -87.629548167; 41.867029173 -87.65473744; 41.888131743 -87.629548167; 
41.911203919 -87.694568465; 41.901138696 -87.693203145; 41.901138696 -87.693203145; 41.884430673 -87.691533783; 41.911203919 -87.694568465; 
41.959894669 -87.719219814; 41.93599137 -87.721569838; 41.93599137 -87.721569838; 41.925010066 -87.739019199; 41.949214086 -87.702996965; 
41.765800136 -87.684495611; 41.789563573 -87.72419981; 41.789563573 -87.72419981; 41.775271163 -87.706323478; 41.761740766 -87.691727896; 41.761740766 -87.691727896; 41.775271163 -87.706323478; 41.765800136 -87.684495611; 
41.775222974 -87.660453671; 41.778793876 -87.660551996; 41.775222974 -87.660453671; 41.778793876 -87.660551996; 
41.865421448 -87.730044485; 41.840545388 -87.726006517; 41.840545388 -87.726006517; 41.844395123 -87.714097492; 41.844395123 -87.714097492; 
41.877684757 -87.745777328; 41.88791087 -87.771204147; 41.896083371 -87.760679089; 41.896083371 -87.760679089; 41.88791087 -87.771204147; 
41.803365964 -87.622682706; 41.803365964 -87.622682706; 41.803365964 -87.622682706; 41.803365964 -87.622682706; 
41.802064797 -87.618640688; 41.802064797 -87.618640688; 41.802062624 -87.618732403; 41.802062624 -87.618732403; 
