41.946283612 -87.734329716; 41.946283612 -87.734329716; 41.924902436 -87.766025313; 41.924902436 -87.766025313; 41.953440963 -87.746100401; 41.953440963 -87.746100401; 41.9746483 -87.786682018; 
41.764221915 -87.5876844; 41.779872827 -87.586450869; 41.751613643 -87.575373855; 41.784194033 -87.593499268; 41.802790428 -87.610053949; 41.770942948 -87.591114787; 41.784194033 -87.593499268; 41.770942948 -87.591114787; 41.802790428 -87.610053949; 
41.751464464 -87.644063902; 41.751464464 -87.644063902; 41.783449861 -87.640971514; 
41.838530199 -87.65988997; 41.838530199 -87.65988997; 41.808659359 -87.660921846; 
41.808373076 -87.688530144; 41.808373076 -87.688530144; 41.808275699 -87.713719196; 41.808275699 -87.713719196; 
41.883582151 -87.709360238; 41.868389767 -87.703288609; 41.880873761 -87.714465156; 41.883582151 -87.709360238; 
41.878772294 -87.73372314; 41.878772294 -87.73372314; 41.875165815 -87.733620994; 41.875165815 -87.733620994; 
41.952731382 -87.650553579; 41.954535555 -87.651221802; 41.952731382 -87.650553579; 41.945597179 -87.656705881; 41.93374417 -87.644581852; 
41.882394062 -87.627844798; 41.882394062 -87.627844798; 41.866810739 -87.625817031; 41.866810739 -87.625817031; 41.883641965 -87.648579514; 41.877762073 -87.63688469; 41.884650262 -87.627915459; 
41.903775756 -87.639324074; 41.903775756 -87.639324074; 41.903830041 -87.636054117; 41.914055338 -87.633396724; 41.914055338 -87.633396724; 
