41.978118618 -87.760014579; 41.945048113 -87.76001322; 41.945048113 -87.76001322; 41.945789619 -87.814361621; 41.979426355 -87.753754268; 41.945789619 -87.814361621; 41.979426355 -87.753754268; 
41.776832515 -87.683577859; 41.784056597 -87.683772589; 41.807571895 -87.690515202; 41.810676762 -87.675199089; 41.810676762 -87.675199089; 41.784056597 -87.683772589; 
41.761696918 -87.580492947; 41.757614433 -87.586115266; 41.736547825 -87.611666032; 41.747148569 -87.579530613; 41.757614433 -87.586115266; 41.757614433 -87.586115266; 41.738716701 -87.594530784; 41.757614433 -87.586115266; 
41.75089628 -87.627769334; 41.742710224 -87.634088181; 41.742710224 -87.634088181; 41.75089628 -87.627769334; 41.742710224 -87.634088181; 41.750111323 -87.644030737; 41.742710224 -87.634088181; 
41.904523492 -87.668296128; 41.903304304 -87.670064675; 41.903304304 -87.670064675; 41.904523492 -87.668296128; 
41.879989354 -87.678211835; 41.889842586 -87.669851379; 41.879989354 -87.678211835; 41.889842586 -87.669851379; 
41.970875157 -87.661093881; 41.986425291 -87.655284282; 41.970875157 -87.661093881; 41.986425291 -87.655284282; 
41.953443462 -87.66902305; 41.935432921 -87.668504341; 41.935432921 -87.668504341; 
41.929792911 -87.646483878; 41.929792911 -87.646483878; 41.941119509 -87.645311115; 41.941119509 -87.645311115; 
41.915259074 -87.634136763; 41.919390809 -87.64029762; 41.919390809 -87.64029762; 41.915259074 -87.634136763; 
41.899410159 -87.624131266; 41.90416925 -87.628685126; 41.899410159 -87.624131266; 41.893298783 -87.626362183; 41.90416925 -87.628685126; 
41.880255584 -87.627728782; 41.883224344 -87.624971297; 41.885741693 -87.630474139; 41.880255584 -87.627728782; 41.885741693 -87.630474139; 41.881994258 -87.629773427; 
