41.754297269 -87.569940217; 41.754297269 -87.569940217; 41.761217094 -87.559899598; 41.761217094 -87.559899598; 41.763466911 -87.571323359; 41.763466911 -87.571323359; 41.754297269 -87.569940217; 
41.744943872 -87.626874442; 41.735857166 -87.624152861; 41.744959555 -87.628087178; 41.735857166 -87.624152861; 
41.86718783 -87.71644019; 41.873403192 -87.710777396; 41.879150456 -87.755021121; 41.885413657 -87.705031022; 41.873403192 -87.710777396; 41.901664864 -87.73216457; 41.901664864 -87.73216457; 41.879150456 -87.755021121; 
41.756957703 -87.676235672; 41.751389636 -87.671953404; 41.762917434 -87.67992824; 41.756957703 -87.676235672; 
41.806136301 -87.667333979; 41.820676591 -87.689672426; 41.789292167 -87.685135163; 41.806136301 -87.667333979; 41.789292167 -87.685135163; 41.820676591 -87.689672426; 
41.974031676 -87.659806667; 41.974031676 -87.659806667; 41.974031676 -87.659806667; 41.982161273 -87.668500261; 41.982161273 -87.668500261; 41.996675864 -87.697168823; 
41.815814201 -87.621385889; 41.808834294 -87.596817806; 41.800389775 -87.599760517; 41.800389775 -87.599760517; 41.815814201 -87.621385889; 
41.932089525 -87.698399028; 41.940903244 -87.668693783; 41.932089525 -87.698399028; 41.917744734 -87.678241012; 41.940903244 -87.668693783; 
41.910533752 -87.653832316; 41.909270561 -87.64722927; 41.909240284 -87.65274758; 41.910533752 -87.653832316; 
41.897895128 -87.624096605; 41.897211487 -87.625823165; 41.899945921 -87.627798561; 41.897211487 -87.625823165; 
41.882748442 -87.632387132; 41.88171846 -87.627760426; 41.876607964 -87.627644063; 41.884470703 -87.633102775; 41.88033698 -87.629365643; 41.882394062 -87.627844798; 41.882076985 -87.626709904; 41.882394062 -87.627844798; 41.879297705 -87.627706271; 41.891578017 -87.634861526; 41.883500187 -87.627876698; 41.884470703 -87.633102775; 41.881546939 -87.626197968; 41.876607964 -87.627644063; 41.878222138 -87.627288482; 41.879297705 -87.627706271; 41.891578017 -87.634861526; 
