41.761777349 -87.583559886; 41.759063007 -87.560742797; 41.759063007 -87.560742797; 41.761777349 -87.583559886; 
41.726357993 -87.614260145; 41.717657131 -87.595856233; 41.711750246 -87.646605262; 41.711750246 -87.646605262; 41.707535018 -87.600839053; 41.7225474 -87.568964465; 41.7225474 -87.568964465; 41.740918989 -87.631967753; 
41.809669669 -87.594427666; 41.824675709 -87.617013434; 41.824675709 -87.617013434; 41.841164277 -87.6171782; 41.809669669 -87.594427666; 41.841164277 -87.6171782; 41.843016958 -87.61722727; 41.794533814 -87.631438536; 
41.867287894 -87.702029138; 41.871065954 -87.68126225; 41.871065954 -87.68126225; 41.85199252 -87.688888738; 41.85199252 -87.688888738; 41.867287894 -87.702029138; 
41.91092608 -87.701889563; 41.916229499 -87.698192516; 41.910732024 -87.704532973; 41.91092608 -87.701889563; 
41.920895082 -87.64860392; 41.934908679 -87.668487735; 41.920972251 -87.641335069; 41.934908679 -87.668487735; 41.920895082 -87.64860392; 41.920972251 -87.641335069; 41.932784743 -87.645672656; 41.932784743 -87.645672656; 
41.949296102 -87.705444414; 41.948203014 -87.726717128; 41.948203014 -87.726717128; 41.962834972 -87.726162873; 
41.921293084 -87.730348904; 41.898815363 -87.738828711; 41.898815363 -87.738828711; 41.921293084 -87.730348904; 
41.885426371 -87.630966024; 41.883693593 -87.629431622; 41.885426371 -87.630966024; 41.884486956 -87.628581948; 41.883693593 -87.629431622; 
41.882424852 -87.624377884; 41.88249622 -87.624380767; 41.882424852 -87.624377884; 41.88249622 -87.624380767; 
