41.727463792 -87.558102897; 41.758896441 -87.574456169; 41.729284559 -87.552618761; 41.7225474 -87.568964465; 41.758896441 -87.574456169; 
41.880935859 -87.70920605; 41.876670128 -87.754026367; 41.871530533 -87.744926805; 41.871729561 -87.71848567; 41.871530533 -87.744926805; 
41.701217148 -87.625734707; 41.73625535 -87.62820806; 41.678836153 -87.632294507; 41.681046349 -87.614684294; 41.701217148 -87.625734707; 41.678836153 -87.632294507; 
41.808764591 -87.612653394; 41.80950879 -87.608371773; 41.824675709 -87.617013434; 41.80533715 -87.589008745; 41.80950879 -87.608371773; 41.808764591 -87.612653394; 
41.762184902 -87.674675881; 41.767508679 -87.683320046; 41.762184902 -87.674675881; 41.774549928 -87.696934376; 
41.836385231 -87.66571041; 41.786247399 -87.655886998; 41.836385231 -87.66571041; 41.830407799 -87.67371278; 41.809445968 -87.67496226; 
41.943547015 -87.655735112; 41.929521895 -87.667088404; 41.929521895 -87.667088404; 
41.908501516 -87.667630309; 41.908501516 -87.667630309; 41.908480787 -87.674504049; 41.898263902 -87.667350968; 41.909240284 -87.65274758; 41.892493963 -87.655826899; 41.912061395 -87.662078763; 41.909240284 -87.65274758; 
41.880691384 -87.631223519; 41.881582612 -87.626197575; 41.881582612 -87.626197575; 41.881582612 -87.626197575; 41.87766908 -87.629284766; 41.884497529 -87.625838595; 41.881582612 -87.626197575; 41.880138214 -87.632312841; 
41.889497462 -87.618294943; 41.895140898 -87.624255632; 41.895140898 -87.624255632; 41.900629649 -87.628312638; 41.892631323 -87.6182857; 
