41.781335054 -87.615651789; 41.799533389 -87.589915765; 41.799533389 -87.589915765; 
41.959125819 -87.747485772; 41.934302453 -87.71062285; 41.959125819 -87.747485772; 41.950251661 -87.727513803; 41.950251661 -87.727513803; 41.934302453 -87.71062285; 
41.733227401 -87.604738495; 41.751409801 -87.593359124; 41.728910285 -87.597368771; 41.744172071 -87.587685577; 41.751409801 -87.593359124; 41.744172071 -87.587685577; 
41.74652786 -87.629195005; 41.750187225 -87.661008365; 41.750772111 -87.624538423; 41.750772111 -87.624538423; 41.74652786 -87.629195005; 41.73625535 -87.62820806; 41.751043783 -87.619217924; 41.755011652 -87.661936559; 41.750111323 -87.644030737; 41.751043783 -87.619217924; 41.73625535 -87.62820806; 41.750111323 -87.644030737; 
41.907576251 -87.765098679; 41.87788013 -87.733669057; 41.902370457 -87.76565911; 41.907576251 -87.765098679; 41.887129745 -87.754280768; 
41.982161273 -87.668500261; 42.009486869 -87.662188734; 41.998116778 -87.667212152; 41.973300066 -87.655794935; 41.973300066 -87.655794935; 41.977318446 -87.655013129; 42.014899856 -87.679077469; 42.009486869 -87.662188734; 41.998116778 -87.667212152; 41.982161273 -87.668500261; 
41.880985123 -87.705155195; 41.880985123 -87.705155195; 41.877096 -87.724937209; 
41.878265483 -87.686355549; 41.910515099 -87.675607323; 41.923965344 -87.665757216; 41.910515099 -87.675607323; 41.920358004 -87.6631566; 41.894784839 -87.677954139; 
41.901680889 -87.628345154; 41.897895128 -87.624096605; 41.892096977 -87.624164426; 41.904370109 -87.631460067; 41.897154689 -87.62417826; 41.901680889 -87.628345154; 41.904370109 -87.631460067; 41.895692026 -87.627298109; 41.892096977 -87.624164426; 
41.882394062 -87.627844798; 41.884472382 -87.633378182; 41.883500187 -87.627876698; 41.883500187 -87.627876698; 41.884276844 -87.622098929; 41.884472382 -87.633378182; 
41.891070406 -87.616613661; 41.889522701 -87.617060659; 41.891070406 -87.616613661; 41.889522701 -87.617060659; 
