41.968331553 -87.719955117; 41.968331553 -87.719955117; 41.968331553 -87.719955117; 41.968331553 -87.719955117; 
41.945910991 -87.655474824; 41.952883741 -87.654496585; 41.977073557 -87.670403043; 41.954147536 -87.679331545; 41.922786529 -87.645045119; 41.922786529 -87.645045119; 41.977073557 -87.670403043; 41.945910991 -87.655474824; 41.952883741 -87.654496585; 
41.887116764 -87.64867829; 41.886749069 -87.651451258; 41.877935869 -87.647983151; 41.882553868 -87.624383802; 41.882553868 -87.624383802; 41.877935869 -87.647983151; 
41.855725213 -87.684105054; 41.869201889 -87.670589881; 41.855725213 -87.684105054; 41.869201889 -87.670589881; 
41.803545745 -87.728358627; 41.803545745 -87.728358627; 41.810251583 -87.749339446; 41.810251583 -87.749339446; 
41.78189515 -87.684931014; 41.77669021 -87.701858904; 41.800532986 -87.693989039; 41.800532986 -87.693989039; 41.77669021 -87.701858904; 41.78189515 -87.684931014; 
41.921336496 -87.779839808; 41.920758516 -87.77439195; 41.920758516 -87.77439195; 41.911030146 -87.779476968; 41.935459053 -87.767607691; 41.921336496 -87.779839808; 41.911030146 -87.779476968; 41.935459053 -87.767607691; 41.920437356 -87.774938566; 41.920437356 -87.774938566; 
41.810810329 -87.639147349; 41.797742093 -87.622546804; 41.805322323 -87.603808532; 41.805322323 -87.603808532; 41.797742093 -87.622546804; 41.810810329 -87.639147349; 
41.923083517 -87.735300051; 41.923083517 -87.735300051; 41.92514937 -87.734141608; 41.92514937 -87.734141608; 
41.89499875 -87.746419366; 41.897954243 -87.727387588; 41.908162315 -87.718518259; 41.908162315 -87.718518259; 41.897954243 -87.727387588; 41.89499875 -87.746419366; 
41.756970188 -87.647842311; 41.76320717 -87.656034111; 41.74825478 -87.637879472; 41.74825478 -87.637879472; 41.76320717 -87.656034111; 41.756970188 -87.647842311; 
41.777740745 -87.631760999; 41.782580161 -87.649718184; 41.777740745 -87.631760999; 41.782580161 -87.649718184; 41.7861173 -87.657094718; 41.7861173 -87.657094718; 
