41.715711947 -87.641845514; 41.750832464 -87.605224746; 41.750832464 -87.605224746; 41.755331676 -87.665994009; 41.745300603 -87.60749688; 41.745300603 -87.60749688; 
41.927549946 -87.771469987; 41.927549946 -87.771469987; 41.880099992 -87.773861438; 41.910174179 -87.77273923; 41.910174179 -87.77273923; 
42.015936971 -87.673293082; 42.005665297 -87.681905818; 41.979495628 -87.69490883; 42.015936971 -87.673293082; 
41.799808989 -87.723350952; 41.797885624 -87.675671047; 41.787146052 -87.703373359; 41.799808989 -87.723350952; 
41.826264275 -87.641123128; 41.801190336 -87.62100499; 41.801190336 -87.62100499; 41.826264275 -87.641123128; 41.801709383 -87.596697686; 41.801709383 -87.596697686; 
41.913518331 -87.673875425; 41.906276004 -87.670011875; 41.919031238 -87.677665683; 41.913518331 -87.673875425; 41.906276004 -87.670011875; 41.88236388 -87.667842935; 41.910835515 -87.653351515; 41.919031238 -87.677665683; 
41.93443242 -87.706266463; 41.933283621 -87.707461112; 41.942761647 -87.725239623; 41.93443242 -87.706266463; 41.918780718 -87.707018632; 41.933283621 -87.707461112; 
41.89250977 -87.626132152; 41.89804054 -87.624091323; 41.896714548 -87.625340136; 41.897895128 -87.624096605; 
41.878176784 -87.627946266; 41.87766908 -87.629284766; 41.875367424 -87.627620993; 41.878176784 -87.627946266; 41.875056172 -87.629221649; 41.87766908 -87.629284766; 
41.883500187 -87.627876698; 41.884486956 -87.628581948; 41.884486956 -87.628581948; 41.883500187 -87.627876698; 41.883500187 -87.627876698; 41.883500187 -87.627876698; 
41.883659738 -87.632421239; 41.883210617 -87.629881268; 41.883659738 -87.632421239; 41.883210617 -87.629881268; 41.883211912 -87.631438294; 41.883211912 -87.631438294; 
