41.70441794 -87.62454606; 41.735297574 -87.66305421; 41.736148121 -87.629070243; 
41.833364024 -87.617008302; 41.833364024 -87.617008302; 41.818757103 -87.633613687; 41.832329279 -87.616983146; 
41.880419254 -87.751407336; 41.880386082 -87.754073591; 41.887123664 -87.754163303; 41.887123664 -87.754163303; 
41.87828717 -87.714185338; 41.851345203 -87.70279155; 41.87828717 -87.714185338; 41.889934115 -87.717826336; 41.866762539 -87.725200404; 
41.982161273 -87.668500261; 41.955116333 -87.656153005; 41.955998293 -87.677610429; 41.987189544 -87.660179264; 41.965380394 -87.659074153; 41.962398697 -87.646324994; 41.955116333 -87.656153005; 41.965380394 -87.659074153; 
41.918780718 -87.707018632; 41.912929706 -87.701950642; 41.927717169 -87.707247263; 41.912929706 -87.701950642; 
41.85199252 -87.688888738; 41.85199252 -87.688888738; 41.876070277 -87.686877063; 
41.868035205 -87.632617642; 41.869527301 -87.639268759; 41.868541914 -87.639235361; 41.868035205 -87.632617642; 41.868541914 -87.639235361; 
41.896588511 -87.668529054; 41.896588511 -87.668529054; 41.896588511 -87.668529054; 41.896588511 -87.668529054; 
41.925076902 -87.673855622; 41.910116718 -87.677444645; 41.925076902 -87.673855622; 41.910116718 -87.677444645; 
41.935317309 -87.644241504; 41.915318075 -87.641157336; 41.924412182 -87.639750879; 41.934067729 -87.645912462; 41.934067729 -87.645912462; 
41.881582612 -87.626197575; 41.884650262 -87.627915459; 41.889453169 -87.627994833; 41.892753031 -87.624193896; 41.883475491 -87.627876969; 41.889202315 -87.617611457; 41.892753031 -87.624193896; 41.882381731 -87.629412971; 41.887849586 -87.625610638; 41.894949856 -87.62353785; 41.883500187 -87.627876698; 41.882394062 -87.627844798; 41.899410159 -87.624131266; 41.882394062 -87.627844798; 41.908962044 -87.631597128; 
