41.936049107 -87.71238838; 41.926998106 -87.725620858; 41.936522291 -87.707550732; 41.926998106 -87.725620858; 
41.771890947 -87.638705659; 41.789958651 -87.652338662; 41.801531255 -87.649098682; 41.771890947 -87.638705659; 
41.746587314 -87.608742964; 41.765969246 -87.586718452; 41.745465121 -87.594130954; 41.745465121 -87.594130954; 41.746587314 -87.608742964; 
41.982347541 -87.663720652; 41.959062257 -87.682200531; 41.974326973 -87.65635774; 41.959062257 -87.682200531; 41.982347541 -87.663720652; 41.957133616 -87.680845149; 41.957133616 -87.680845149; 
41.895896023 -87.677913394; 41.895896023 -87.677913394; 41.895896023 -87.677913394; 
41.882754405 -87.654391132; 41.867131002 -87.648315177; 41.882754405 -87.654391132; 41.867131002 -87.648315177; 
41.910533752 -87.653832316; 41.916124585 -87.654438034; 41.910533752 -87.653832316; 41.916124585 -87.654438034; 
41.896472326 -87.643252484; 41.903054334 -87.641194302; 41.903054334 -87.641194302; 41.896472326 -87.643252484; 
41.885741029 -87.631711749; 41.886554425 -87.630994065; 41.885741029 -87.631711749; 41.886554425 -87.630994065; 41.885741529 -87.631344503; 41.885741529 -87.631344503; 41.885741029 -87.631711749; 41.885741029 -87.631711749; 
41.885389294 -87.626265771; 41.88233367 -87.627841791; 41.885389294 -87.626265771; 41.88233367 -87.627841791; 41.881507123 -87.627755407; 
