41.988100632 -87.663936235; 41.998342722 -87.670690018; 41.988100632 -87.663936235; 41.998342722 -87.670690018; 
41.654376679 -87.606802445; 41.675256442 -87.600875726; 41.654376679 -87.606802445; 41.675256442 -87.600875726; 
41.718585423 -87.649210062; 41.684809877 -87.642147208; 41.718585423 -87.649210062; 41.684809877 -87.642147208; 
41.773065672 -87.569966992; 41.751457646 -87.552892516; 41.751457646 -87.552892516; 41.773065672 -87.569966992; 
41.757583114 -87.635689664; 41.757583114 -87.635689664; 41.752477272 -87.602783724; 41.743253365 -87.600151078; 41.752477272 -87.602783724; 41.743253365 -87.600151078; 
41.872558479 -87.723662114; 41.851845784 -87.722809088; 41.851845784 -87.722809088; 41.872558479 -87.723662114; 
41.90331846 -87.669190255; 41.885130037 -87.672588321; 41.885130037 -87.672588321; 41.90331846 -87.669190255; 
41.890791439 -87.633676468; 41.895048138 -87.650610033; 41.890013771 -87.631705393; 41.894552747 -87.637117341; 41.890013771 -87.631705393; 41.908489244 -87.630121799; 41.908489244 -87.630121799; 41.880108035 -87.647309981; 41.894552747 -87.637117341; 41.895048138 -87.650610033; 
41.925402171 -87.652013607; 41.925402171 -87.652013607; 41.921905202 -87.642688222; 41.921905202 -87.642688222; 
41.923096645 -87.682702299; 41.909183208 -87.707854557; 41.923096645 -87.682702299; 41.924158759 -87.699399996; 41.909183208 -87.707854557; 41.924158759 -87.699399996; 
41.939255682 -87.714158261; 41.934699905 -87.716639002; 41.939255682 -87.714158261; 41.934699905 -87.716639002; 
