41.755635034 -87.732393134; 41.754592961 -87.741528537; 41.754592961 -87.741528537; 41.754592961 -87.741528537; 41.754592961 -87.741528537; 
41.994019837 -87.713281946; 41.975396261 -87.741073785; 41.975396261 -87.741073785; 41.994019837 -87.713281946; 
41.721247847 -87.659969446; 41.750490827 -87.654302474; 41.742889484 -87.677038694; 41.721247847 -87.659969446; 41.750490827 -87.654302474; 41.742889484 -87.677038694; 41.745662687 -87.670597718; 41.745662687 -87.670597718; 41.740918989 -87.631967753; 41.740918989 -87.631967753; 
41.909614875 -87.747016581; 41.909588772 -87.748894125; 41.934512194 -87.728294916; 41.909614875 -87.747016581; 41.904456299 -87.727568561; 41.909588772 -87.748894125; 41.904456299 -87.727568561; 
41.903162458 -87.696885733; 41.911187178 -87.677481447; 41.911187178 -87.677481447; 41.930896787 -87.697587655; 41.927998524 -87.673208159; 41.922529247 -87.64745102; 41.927998524 -87.673208159; 41.903162458 -87.696885733; 41.903304304 -87.670064675; 41.878634608 -87.683201243; 41.922529247 -87.64745102; 
41.895140898 -87.624255632; 41.88946287 -87.624222942; 41.898767916 -87.624116333; 41.89486351 -87.629125336; 41.895140898 -87.624255632; 41.897837503 -87.624097243; 41.897837503 -87.624097243; 
41.758625565 -87.601225945; 41.772228742 -87.623481083; 41.772228742 -87.623481083; 41.748591759 -87.592988384; 41.748591759 -87.592988384; 41.758625565 -87.601225945; 
41.795991039 -87.630542489; 41.808201741 -87.684420054; 41.79486342 -87.664608602; 41.80779181 -87.703963414; 41.80779181 -87.703963414; 41.808201741 -87.684420054; 41.810234284 -87.645576403; 41.815228411 -87.702390243; 41.79486342 -87.664608602; 41.815228411 -87.702390243; 
41.880652933 -87.634367274; 41.881592273 -87.636758638; 41.881592273 -87.636758638; 41.880652933 -87.634367274; 41.881592273 -87.636758638; 41.881592273 -87.636758638; 
41.885741029 -87.631711749; 41.880255584 -87.627728782; 41.882394062 -87.627844798; 41.884650262 -87.627915459; 41.885741029 -87.631711749; 41.88171846 -87.627760426; 41.88171846 -87.627760426; 41.884650262 -87.627915459; 41.88233367 -87.627841791; 41.882394062 -87.627844798; 41.88233367 -87.627841791; 
