41.985813738 -87.674678351; 41.98651861 -87.65528697; 41.98651861 -87.65528697; 41.985813738 -87.674678351; 
42.017122327 -87.680467796; 42.018498254 -87.672983233; 41.9985836 -87.694791649; 42.018498254 -87.672983233; 41.9985836 -87.694791649; 42.017122327 -87.680467796; 
41.767685849 -87.5698145; 41.765270737 -87.57935151; 41.765270737 -87.57935151; 41.767685849 -87.5698145; 
41.660776582 -87.64014264; 41.660776582 -87.64014264; 41.660776582 -87.64014264; 
41.686868162 -87.614418148; 41.68398585 -87.614296476; 41.68398585 -87.614296476; 41.686868162 -87.614418148; 
41.875155116 -87.667906709; 41.875155116 -87.667906709; 41.890994365 -87.665924346; 41.890994365 -87.665924346; 
41.727122651 -87.629612091; 41.762710949 -87.626503644; 41.762710949 -87.626503644; 41.727122651 -87.629612091; 
41.744161877 -87.664497379; 41.816997364 -87.688355597; 41.744161877 -87.664497379; 41.800380772 -87.685434188; 41.774755319 -87.682165389; 41.774755319 -87.682165389; 41.800380772 -87.685434188; 41.816997364 -87.688355597; 
41.92605307 -87.749758106; 41.945863902 -87.767912706; 41.952031732 -87.79624601; 41.930518078 -87.754667618; 41.945863902 -87.767912706; 41.930518078 -87.754667618; 41.952031732 -87.79624601; 41.92605307 -87.749758106; 
41.872340597 -87.72294087; 41.878057122 -87.744004023; 41.875190656 -87.731549859; 41.89048216 -87.763395495; 41.859987622 -87.723770525; 41.886862097 -87.736838886; 41.881834238 -87.709391933; 41.875190656 -87.731549859; 41.859987622 -87.723770525; 41.872340597 -87.72294087; 41.89048216 -87.763395495; 41.856299064 -87.705382147; 41.856299064 -87.705382147; 41.846003035 -87.730039774; 41.846003035 -87.730039774; 41.878057122 -87.744004023; 41.881834238 -87.709391933; 41.886862097 -87.736838886; 
