41.928076536 -87.785606186; 41.928076536 -87.785606186; 41.928076536 -87.785606186; 41.928076536 -87.785606186; 
41.953200167 -87.765329611; 41.945786539 -87.775096032; 41.945786539 -87.775096032; 
41.801131762 -87.683809221; 41.808664584 -87.66040827; 41.822858738 -87.690732873; 41.76572336 -87.686941315; 41.813315251 -87.689460007; 41.801131762 -87.683809221; 41.808664584 -87.66040827; 41.813315251 -87.689460007; 41.811551206 -87.665047641; 
41.706987456 -87.620244029; 41.700309589 -87.628099219; 41.684809877 -87.642147208; 41.684809877 -87.642147208; 41.700309589 -87.628099219; 41.706987456 -87.620244029; 
41.722537658 -87.652977768; 41.744580809 -87.653580577; 41.72085392 -87.649493693; 41.722537658 -87.652977768; 41.7213774 -87.649839795; 41.7213774 -87.649839795; 41.744580809 -87.653580577; 
41.994567578 -87.65905678; 41.976851852 -87.654999693; 41.996431454 -87.666199672; 41.976851852 -87.654999693; 
41.869431235 -87.655809807; 41.889143855 -87.649909004; 41.883588537 -87.656695843; 41.891412551 -87.647934597; 41.891412551 -87.647934597; 41.869431235 -87.655809807; 41.889143855 -87.649909004; 41.883588537 -87.656695843; 
41.886815464 -87.628361716; 41.891465732 -87.624153044; 41.880355702 -87.626159693; 41.886815464 -87.628361716; 41.885503844 -87.627935448; 41.879361356 -87.635879544; 41.879361356 -87.635879544; 41.882389156 -87.624374606; 41.885503844 -87.627935448; 41.882539542 -87.627850543; 41.888993854 -87.626934833; 41.880355702 -87.626159693; 41.891465732 -87.624153044; 
41.949586479 -87.679782538; 41.949586479 -87.679782538; 41.961502177 -87.675517074; 41.961502177 -87.675517074; 
41.914055338 -87.633396724; 41.920119932 -87.640613076; 41.921000188 -87.636425726; 41.926567194 -87.653651175; 41.915228778 -87.634118723; 41.915228778 -87.634118723; 41.926567194 -87.653651175; 41.920119932 -87.640613076; 41.908962044 -87.631597128; 
41.927592586 -87.692622714; 41.927592586 -87.692622714; 41.920184432 -87.680181857; 
41.935432921 -87.668504341; 41.933452199 -87.67815748; 41.937323442 -87.663739801; 41.937323442 -87.663739801; 41.942487713 -87.665093551; 41.935432921 -87.668504341; 
