41.707556034 -87.628331319; 41.707556034 -87.628331319; 41.690531806 -87.621022587; 41.684160442 -87.66269195; 
41.798828067 -87.599726984; 41.769657589 -87.665163715; 41.794670403 -87.631785431; 41.729618252 -87.551244573; 41.736784354 -87.566003775; 41.761218589 -87.576191815; 41.769657589 -87.665163715; 41.761218589 -87.576191815; 41.794670403 -87.631785431; 
41.926404101 -87.792881805; 41.975824414 -87.786440272; 41.923416006 -87.785432922; 41.930946496 -87.788962647; 41.926404101 -87.792881805; 41.930946496 -87.788962647; 41.936992595 -87.807934908; 41.923416006 -87.785432922; 41.975824414 -87.786440272; 
41.847420785 -87.724642233; 41.850723463 -87.729573323; 41.852511515 -87.717458486; 41.850723463 -87.729573323; 
41.882137696 -87.706157436; 41.877016813 -87.731261005; 41.877016813 -87.731261005; 41.882137696 -87.706157436; 
41.912437783 -87.736189335; 41.917407385 -87.70579017; 41.910677143 -87.704533512; 41.92938643 -87.707892425; 41.930896787 -87.697587655; 41.931780735 -87.727593069; 41.930896787 -87.697587655; 41.917407385 -87.70579017; 41.899558362 -87.718887309; 41.931780735 -87.727593069; 41.886932776 -87.731450691; 41.910677143 -87.704533512; 41.92938643 -87.707892425; 41.912437783 -87.736189335; 
41.910704365 -87.632452419; 41.9109337 -87.647251872; 41.9109337 -87.647251872; 41.920618611 -87.6400308; 
41.898767916 -87.624116333; 41.897895128 -87.624096605; 41.897895128 -87.624096605; 41.898767916 -87.624116333; 
41.891199446 -87.624137626; 41.887154215 -87.624545946; 41.891074289 -87.616356528; 41.891074289 -87.616356528; 41.891791478 -87.620917415; 41.891791478 -87.620917415; 41.891199446 -87.624137626; 
41.885749789 -87.629107914; 41.885741029 -87.631711749; 41.885741029 -87.631711749; 41.885749789 -87.629107914; 
41.882381731 -87.629412971; 41.882381731 -87.629412971; 41.883210775 -87.629906972; 41.881546939 -87.626197968; 41.883210775 -87.629906972; 41.882429735 -87.627844406; 
