41.966749925 -87.751398191; 41.961095248 -87.715891865; 41.975184569 -87.761015446; 41.953443342 -87.744957048; 41.966749925 -87.751398191; 
41.750702661 -87.612493314; 41.748233026 -87.585901585; 41.703496822 -87.625149423; 41.760087548 -87.562104969; 41.717541757 -87.649993985; 41.72478665 -87.616640448; 41.725252492 -87.594860893; 41.767485391 -87.566499462; 41.751268534 -87.606048047; 41.75328779 -87.646540159; 41.735871734 -87.657534129; 41.735871734 -87.657534129; 41.750702661 -87.612493314; 41.751268534 -87.606048047; 41.748233026 -87.585901585; 41.703496822 -87.625149423; 
41.789710958 -87.682516424; 41.772862369 -87.689578794; 41.770020864 -87.6913338; 41.830316602 -87.681775046; 41.772862369 -87.689578794; 41.808659359 -87.660921846; 41.789710958 -87.682516424; 
42.011544945 -87.666888079; 41.989754737 -87.656804906; 41.989754737 -87.656804906; 41.970703497 -87.672649732; 42.011544945 -87.666888079; 42.013931836 -87.678233681; 42.018311737 -87.675866628; 
41.898687675 -87.674689203; 41.91244802 -87.653165399; 41.908790904 -87.674985793; 41.898687675 -87.674689203; 41.908790904 -87.674985793; 
41.932810226 -87.644430195; 41.932810226 -87.644430195; 41.949460491 -87.651974364; 41.93994124 -87.652046309; 
41.829172913 -87.627101228; 41.814563821 -87.604481355; 41.808500903 -87.616562762; 
41.859781947 -87.620810288; 41.849246883 -87.626605198; 41.859781947 -87.620810288; 
41.899410159 -87.624131266; 41.893387843 -87.621233905; 41.899410159 -87.624131266; 41.893387843 -87.621233905; 
41.87950122 -87.626885165; 41.87950122 -87.626885165; 41.878227661 -87.626847784; 41.876607964 -87.627644063; 41.878227661 -87.626847784; 41.87911226 -87.626110978; 
41.883500187 -87.627876698; 41.885591676 -87.627938154; 41.884790951 -87.624469241; 41.883500187 -87.627876698; 41.885591676 -87.627938154; 
