41.749657947 -87.66342156; 41.769683737 -87.615363775; 41.742710224 -87.634088181; 41.792444765 -87.62240731; 41.726630413 -87.617894796; 41.7370069 -87.625466552; 41.749555438 -87.682834228; 41.786736065 -87.665290751; 41.788477762 -87.647437083; 41.784113682 -87.657046107; 41.756062009 -87.646954048; 41.737620589 -87.612936407; 
41.987451426 -87.689569439; 41.990066459 -87.670728044; 41.990066459 -87.670728044; 41.987451426 -87.689569439; 
41.923625033 -87.791894746; 41.941145488 -87.780080196; 41.95746386 -87.785490645; 41.923625033 -87.791894746; 
41.919560356 -87.732753549; 41.917407385 -87.70579017; 41.894848727 -87.765707358; 41.939146812 -87.723039275; 41.91058325 -87.726353375; 41.953643409 -87.72801475; 41.894848727 -87.765707358; 41.893732184 -87.705665711; 41.931651256 -87.737461807; 41.909664252 -87.742728815; 41.893741546 -87.704868606; 41.909664252 -87.742728815; 41.893732184 -87.705665711; 
41.94368716 -87.678468063; 41.949986107 -87.678638865; 41.948643268 -87.681854422; 41.94368716 -87.678468063; 41.936548057 -87.68402102; 
41.859718559 -87.659410734; 41.835844537 -87.665697682; 41.835844537 -87.665697682; 
41.932778447 -87.645996134; 41.928620632 -87.642285052; 41.936986127 -87.644297045; 41.936880447 -87.648190373; 41.930906002 -87.644017035; 41.930906002 -87.644017035; 41.932778447 -87.645996134; 41.936986127 -87.644297045; 
41.911148688 -87.636018557; 41.918266772 -87.64275685; 41.918308872 -87.639725117; 41.918266772 -87.64275685; 
41.885573978 -87.652745422; 41.877502477 -87.642520263; 41.885105137 -87.646823184; 
41.87540431 -87.62425353; 41.8744151 -87.627609439; 41.8744151 -87.627609439; 41.868684249 -87.632397611; 41.868684249 -87.632397611; 
41.892509386 -87.626069718; 41.897895128 -87.624096605; 41.891465732 -87.624153044; 41.895140898 -87.624255632; 41.894539838 -87.624243916; 41.897895128 -87.624096605; 41.895140898 -87.624255632; 41.892753031 -87.624193896; 41.894539838 -87.624243916; 41.892509386 -87.626069718; 
41.88575899 -87.624359385; 41.883500187 -87.627876698; 41.886127716 -87.626301698; 41.886127716 -87.626301698; 41.883500187 -87.627876698; 41.882394062 -87.627844798; 
