41.76015985 -87.653980634; 41.779964623 -87.701944104; 41.76623462 -87.673567774; 41.76344278 -87.705236388; 41.76015985 -87.653980634; 41.756640447 -87.663590843; 41.773000117 -87.613812746; 41.759367036 -87.623168362; 
42.014455556 -87.676719584; 42.011590288 -87.664304495; 42.011590288 -87.664304495; 42.014455556 -87.676719584; 
41.680418426 -87.662437948; 41.691751579 -87.685225652; 41.691751579 -87.685225652; 41.697105657 -87.681323493; 41.692993085 -87.678153954; 41.697105657 -87.681323493; 
41.680828242 -87.65418239; 41.671472627 -87.638091649; 41.680828242 -87.65418239; 
41.921872242 -87.715913732; 41.91058325 -87.726353375; 41.929743818 -87.684273777; 41.927542481 -87.704908115; 41.91058325 -87.726353375; 41.927542481 -87.704908115; 41.915820895 -87.705228873; 41.927542481 -87.704908115; 41.921872242 -87.715913732; 
41.880586067 -87.710994105; 41.877140857 -87.721499862; 41.877140857 -87.721499862; 41.875158002 -87.70596131; 41.875158002 -87.70596131; 
41.874236291 -87.674657583; 41.879519801 -87.686390634; 41.890301556 -87.667125178; 41.881262991 -87.680192808; 41.880009247 -87.676889681; 41.874236291 -87.674657583; 
41.884090949 -87.659532917; 41.877981539 -87.644608125; 41.889015177 -87.650420867; 41.877981539 -87.644608125; 41.889015814 -87.649605543; 
41.87766908 -87.629284766; 41.87766908 -87.629284766; 41.868541914 -87.639235361; 
41.893163281 -87.636067309; 41.902895541 -87.644450644; 41.896702263 -87.626464221; 41.883475491 -87.627876969; 41.89804054 -87.624091323; 41.895729959 -87.624991059; 41.902895541 -87.644450644; 41.892753031 -87.624193896; 41.903125898 -87.632182661; 41.894764247 -87.63624456; 41.895729959 -87.624991059; 
