42.004254037 -87.660838271; 42.016069847 -87.68165981; 42.004254037 -87.660838271; 42.002297157 -87.680277218; 42.016069847 -87.68165981; 41.982456434 -87.655157207; 
41.755367287 -87.565782465; 41.745674392 -87.546707415; 41.769231153 -87.569854828; 41.769231153 -87.569854828; 41.742431039 -87.582033496; 41.763066505 -87.580520922; 41.762136533 -87.564822113; 
41.867233825 -87.641206342; 41.889561428 -87.620196651; 41.866090969 -87.660390131; 41.889561428 -87.620196651; 41.867233825 -87.641206342; 41.866090969 -87.660390131; 
41.903850615 -87.667256178; 41.910250275 -87.69382484; 41.924974614 -87.73168489; 41.924613427 -87.716368682; 41.924974614 -87.73168489; 41.924613427 -87.716368682; 41.910250275 -87.69382484; 41.903850615 -87.667256178; 41.917924344 -87.706986589; 41.942460532 -87.748090462; 41.917219746 -87.648466848; 
41.800442404 -87.73157858; 41.793130613 -87.73138661; 41.812716112 -87.704157314; 41.800442404 -87.73157858; 41.793130613 -87.73138661; 
41.851733136 -87.707992467; 41.865623437 -87.693832894; 41.851733136 -87.707992467; 41.865623437 -87.693832894; 
41.90340797 -87.765697675; 41.893763001 -87.765353356; 41.893763001 -87.765353356; 41.90340797 -87.765697675; 
41.868010546 -87.723529101; 41.884939098 -87.750338057; 41.880658696 -87.731311277; 41.868404619 -87.722805757; 41.879261923 -87.744018658; 41.879261923 -87.744018658; 41.884939098 -87.750338057; 41.868404619 -87.722805757; 41.880658696 -87.731311277; 
41.751935361 -87.648925684; 41.751935361 -87.648925684; 41.757421401 -87.642992266; 41.757421401 -87.642992266; 
41.777309867 -87.640802922; 41.775429728 -87.640753492; 41.775429728 -87.640753492; 41.777309867 -87.640802922; 
