41.719958352 -87.564676531; 41.760080391 -87.558186925; 41.760080391 -87.558186925; 41.719958352 -87.564676531; 
41.994718665 -87.699542667; 42.017142459 -87.666781798; 42.017142459 -87.666781798; 41.994718665 -87.699542667; 41.992310328 -87.658797358; 41.992310328 -87.658797358; 
41.868654042 -87.632394269; 41.88007433 -87.642602726; 41.907153315 -87.639680572; 41.907153315 -87.639680572; 41.852868298 -87.63091491; 41.868654042 -87.632394269; 41.852868298 -87.63091491; 41.88007433 -87.642602726; 
41.944152863 -87.654236337; 41.950423251 -87.649589335; 41.943108594 -87.649366085; 41.943108594 -87.649366085; 41.944152863 -87.654236337; 41.943670005 -87.645956354; 41.946021295 -87.655565552; 41.946021295 -87.655565552; 41.950423251 -87.649589335; 41.943670005 -87.645956354; 
41.742399607 -87.646286112; 41.694949752 -87.623170763; 41.722289061 -87.632166722; 41.722289061 -87.632166722; 41.742399607 -87.646286112; 41.694949752 -87.623170763; 
41.921116713 -87.770754793; 41.925955467 -87.757057001; 41.925955467 -87.757057001; 41.919366106 -87.769120387; 41.921116713 -87.770754793; 41.919366106 -87.769120387; 
41.797936811 -87.606301777; 41.816792881 -87.608062183; 41.800635169 -87.585890738; 41.797936811 -87.606301777; 41.800635169 -87.585890738; 41.816792881 -87.608062183; 
41.801195861 -87.641668066; 41.793803676 -87.655169348; 41.793803676 -87.655169348; 41.801195861 -87.641668066; 
41.780434215 -87.672718291; 41.77504221 -87.671380511; 41.77504221 -87.671380511; 41.780434215 -87.672718291; 
41.891939637 -87.763452321; 41.902460224 -87.763836319; 41.902460224 -87.763836319; 41.88474917 -87.763343624; 41.891939637 -87.763452321; 41.88474917 -87.763343624; 
41.877620274 -87.750896624; 41.879267591 -87.743519207; 41.883057686 -87.751104303; 41.877620274 -87.750896624; 41.879267591 -87.743519207; 41.883057686 -87.751104303; 
41.783425593 -87.622173294; 41.779984558 -87.630247996; 41.779984558 -87.630247996; 41.783425593 -87.622173294; 
41.766552048 -87.620138318; 41.772999773 -87.61375776; 41.766552048 -87.620138318; 41.772999773 -87.61375776; 
