41.757223742 -87.562289526; 41.720178506 -87.58514254; 41.739265865 -87.604893749; 41.760307307 -87.611117656; 41.739265865 -87.604893749; 41.720178506 -87.58514254; 
41.886530554 -87.74438154; 41.93942255 -87.7395139; 41.886530554 -87.74438154; 41.93942255 -87.7395139; 41.932639749 -87.720881546; 41.880383856 -87.75417643; 41.909664252 -87.742728815; 
41.793113026 -87.733796076; 41.807773948 -87.731352252; 41.807773948 -87.731352252; 41.796216157 -87.723245665; 41.796216157 -87.723245665; 
41.936783173 -87.684349416; 41.942274395 -87.688252417; 41.932629338 -87.687919626; 41.942274395 -87.688252417; 41.932629338 -87.687919626; 
41.786729308 -87.666016839; 41.77948577 -87.66342651; 41.798825313 -87.647704499; 41.786729308 -87.666016839; 41.775595332 -87.685122786; 
41.846499298 -87.691479958; 41.824482108 -87.6423017; 41.847528336 -87.665950577; 41.860404221 -87.71037488; 41.846499298 -87.691479958; 41.847528336 -87.665950577; 41.83893231 -87.665779349; 
41.966177246 -87.662529513; 41.97340482 -87.671875293; 41.976851852 -87.654999693; 41.966177246 -87.662529513; 
41.943565383 -87.652809037; 41.932782967 -87.64583438; 41.93539116 -87.65248064; 41.939920925 -87.65324842; 41.93539116 -87.65248064; 
41.891412551 -87.647934597; 41.891412551 -87.647934597; 41.894533915 -87.638538964; 41.881732151 -87.649991662; 
41.902640036 -87.624562043; 41.899410159 -87.624131266; 41.893628633 -87.624224612; 41.896888586 -87.628203192; 41.898563026 -87.63276151; 41.896702263 -87.626464221; 41.896702263 -87.626464221; 41.901993756 -87.628349059; 
41.884497529 -87.625838595; 41.88171846 -87.627760426; 41.884497529 -87.625838595; 41.88171846 -87.627760426; 
