41.798283438 -87.708593054; 41.776832515 -87.683577859; 41.780628239 -87.665456809; 41.764682386 -87.663785792; 41.798283438 -87.708593054; 41.776832515 -87.683577859; 
41.881153628 -87.764888508; 41.905481311 -87.736221102; 41.917002654 -87.756285135; 41.881153628 -87.764888508; 
41.722578383 -87.662706548; 41.697048549 -87.673242789; 41.725803425 -87.662786572; 41.725803425 -87.662786572; 
41.746239973 -87.634181801; 41.749097495 -87.626224242; 41.742710224 -87.634088181; 41.749097495 -87.626224242; 
41.946779572 -87.65617875; 41.963070794 -87.655984213; 41.944465454 -87.655122558; 41.946779572 -87.65617875; 41.963070794 -87.655984213; 
41.883484482 -87.657666424; 41.883484482 -87.657666424; 41.886776841 -87.649199738; 41.885933938 -87.658870877; 41.885933938 -87.658870877; 
41.905483409 -87.64812943; 41.91824156 -87.644498728; 41.910927361 -87.639801362; 41.908849952 -87.646645976; 41.924397747 -87.654787614; 41.91824156 -87.644498728; 41.905483409 -87.64812943; 
41.929743818 -87.684273777; 41.930049492 -87.685920733; 41.921379409 -87.678472071; 41.912733991 -87.662123151; 41.932367399 -87.671314543; 41.908320127 -87.670905467; 41.930049492 -87.685920733; 
41.899410159 -87.624131266; 41.899410159 -87.624131266; 41.893628633 -87.624224612; 41.894465726 -87.624241063; 
41.879069903 -87.627701434; 41.881493402 -87.627755557; 41.881546939 -87.626197968; 41.879361356 -87.635879544; 41.879426764 -87.629955817; 41.881493402 -87.627755557; 41.879361356 -87.635879544; 
