41.786736065 -87.665290751; 41.72616959 -87.661577536; 41.809924338 -87.669866067; 41.762144072 -87.66617267; 41.750111323 -87.644030737; 41.730967858 -87.622547041; 41.771272206 -87.661565398; 41.750111323 -87.644030737; 41.72616959 -87.661577536; 41.786736065 -87.665290751; 41.809924338 -87.669866067; 
41.802115448 -87.58775136; 41.802115448 -87.58775136; 41.765285027 -87.577349965; 41.797295324 -87.585460127; 41.75819209 -87.568801852; 41.791160785 -87.579836586; 41.758536614 -87.586130225; 
41.968407535 -87.712647867; 41.994529515 -87.697098232; 41.968407535 -87.712647867; 41.994529515 -87.697098232; 
41.991354683 -87.655423248; 41.965961632 -87.654791654; 41.960583812 -87.67520297; 41.993585981 -87.663886116; 41.957013189 -87.649772575; 41.973592684 -87.663102616; 41.953494509 -87.655688578; 41.980464354 -87.668326665; 41.991783648 -87.66351876; 
41.824675709 -87.617013434; 41.808608378 -87.622819173; 41.824675709 -87.617013434; 41.850657231 -87.612880723; 41.850657231 -87.612880723; 
41.895896023 -87.677913394; 41.881183104 -87.68498211; 41.910619214 -87.668431245; 41.895809609 -87.682986679; 41.918427443 -87.692725425; 41.910619214 -87.668431245; 
41.881949766 -87.647367397; 41.89138477 -87.648797987; 41.881949766 -87.647367397; 41.89138477 -87.648797987; 
41.868541914 -87.639235361; 41.868541914 -87.639235361; 41.865397377 -87.640660777; 41.865397377 -87.640660777; 
41.890100087 -87.626092624; 41.898427551 -87.621442383; 41.894122739 -87.625137369; 41.890988065 -87.621021833; 41.897966193 -87.631644061; 41.894563504 -87.622745105; 
41.904370109 -87.631460067; 41.908343839 -87.634623685; 41.922250345 -87.638943855; 41.917245085 -87.635356969; 41.917245085 -87.635356969; 41.923805017 -87.63736897; 41.908343839 -87.634623685; 41.909860541 -87.638552799; 41.912322575 -87.638628969; 
