41.704388082 -87.626827858; 41.707139627 -87.625325518; 41.707139627 -87.625325518; 41.704388082 -87.626827858; 
41.75004881 -87.690528719; 41.75004881 -87.690528719; 41.775236396 -87.708505149; 41.775236396 -87.708505149; 
41.759326916 -87.649118375; 41.76312381 -87.661467128; 41.735893334 -87.656075685; 41.759326916 -87.649118375; 41.76312381 -87.661467128; 41.735893334 -87.656075685; 
41.922879956 -87.707908204; 41.922879956 -87.707908204; 41.904828662 -87.726367477; 41.904828662 -87.726367477; 
41.957274204 -87.73013851; 41.972296864 -87.735549644; 41.972296864 -87.735549644; 41.957274204 -87.73013851; 
41.963196685 -87.684430736; 41.965685019 -87.695576222; 41.957995991 -87.681450338; 41.963196685 -87.684430736; 41.957995991 -87.681450338; 41.965685019 -87.695576222; 
41.835868322 -87.632829193; 41.835868322 -87.632829193; 41.820409263 -87.627799195; 41.828299271 -87.626498087; 41.828299271 -87.626498087; 41.820409263 -87.627799195; 
41.880913833 -87.68152935; 41.880913833 -87.68152935; 41.877446676 -87.695000212; 41.877446676 -87.695000212; 41.864167614 -87.692110934; 41.864167614 -87.692110934; 
41.886571834 -87.6633005; 41.885397499 -87.663334805; 41.885913549 -87.664298933; 41.885913549 -87.664298933; 41.902765473 -87.657661545; 41.902765473 -87.657661545; 41.886571834 -87.6633005; 
41.852315746 -87.666667947; 41.849889576 -87.658636695; 41.849889576 -87.658636695; 41.853921467 -87.648533232; 41.852315746 -87.666667947; 41.853921467 -87.648533232; 
41.929364004 -87.644059361; 41.929364004 -87.644059361; 41.922786529 -87.645045119; 41.922786529 -87.645045119; 41.922750548 -87.644994062; 41.922750548 -87.644994062; 
41.903931469 -87.629290187; 41.909658573 -87.634664454; 41.909924812 -87.634672572; 41.905220329 -87.63452917; 41.903931469 -87.629290187; 41.909658573 -87.634664454; 41.905220329 -87.63452917; 41.909924812 -87.634672572; 
41.890013771 -87.631705393; 41.890081244 -87.62704405; 41.892481329 -87.62730776; 41.893137832 -87.637753417; 41.890013771 -87.631705393; 41.885888079 -87.627942238; 41.890013771 -87.631705393; 41.890081244 -87.62704405; 41.893137832 -87.637753417; 41.892481329 -87.62730776; 41.885888079 -87.627942238; 
