41.724612137 -87.597282285; 41.724612137 -87.597282285; 41.773085006 -87.568335406; 41.734547924 -87.585594973; 41.71277213 -87.605306501; 
41.92238872 -87.749060268; 41.943879652 -87.781982655; 41.9301323 -87.785676799; 41.9301323 -87.785676799; 
41.91077707 -87.752689399; 41.91077707 -87.752689399; 41.886843497 -87.765098817; 41.881771821 -87.748637247; 
41.840106225 -87.724436322; 41.865183214 -87.711617095; 41.865183214 -87.711617095; 41.840106225 -87.724436322; 
41.954384119 -87.726412202; 41.97576106 -87.706916666; 41.972385329 -87.679777516; 41.954809437 -87.699489713; 41.97576106 -87.706916666; 41.976851852 -87.654999693; 41.996431604 -87.666225422; 
41.834004568 -87.619393641; 41.816792881 -87.608062183; 41.852889466 -87.621870493; 41.824675709 -87.617013434; 41.824675709 -87.617013434; 
41.947225886 -87.655545441; 41.935854166 -87.649120179; 41.930906002 -87.644017035; 41.935854166 -87.649120179; 41.946021295 -87.655565552; 
41.917402098 -87.635454463; 41.910939219 -87.638585187; 41.917402098 -87.635454463; 41.910939219 -87.638585187; 
41.891780948 -87.632585879; 41.895705767 -87.626409097; 41.887919288 -87.628019052; 41.893960038 -87.636220249; 41.89005498 -87.628575838; 
41.899060969 -87.644304527; 41.899060969 -87.644304527; 41.900574476 -87.644086227; 41.900574476 -87.644086227; 
