41.79679176 -87.583988051; 41.802882762 -87.606421915; 41.750490827 -87.654302474; 41.765096595 -87.592659377; 41.763055594 -87.666716704; 41.751385654 -87.565012665; 41.779012821 -87.664208692; 41.772701636 -87.693228031; 41.747170897 -87.605119541; 41.695982095 -87.596653142; 41.751385654 -87.565012665; 41.729170867 -87.551235346; 41.751072904 -87.582881895; 41.742656445 -87.632018466; 41.720743086 -87.641978391; 41.742656445 -87.632018466; 41.779012821 -87.664208692; 41.720743086 -87.641978391; 
41.84097894 -87.649353839; 41.852336791 -87.646487314; 41.839113859 -87.646305794; 41.84097894 -87.649353839; 
41.952729665 -87.650726382; 41.947225886 -87.655545441; 41.938713675 -87.642709031; 41.947225886 -87.655545441; 
41.865902267 -87.708089369; 41.875417143 -87.713761405; 41.862972633 -87.704795555; 41.869901648 -87.718440772; 41.865902267 -87.708089369; 
41.900001579 -87.723783155; 41.892745919 -87.706472369; 41.900001579 -87.723783155; 41.892745919 -87.706472369; 
41.883527057 -87.630917053; 41.883527057 -87.630917053; 41.881475571 -87.626195083; 41.881475571 -87.626195083; 
41.899945921 -87.627798561; 41.899945921 -87.627798561; 41.901680889 -87.628345154; 41.901680889 -87.628345154; 
41.899410159 -87.624131266; 41.899734047 -87.624142375; 41.899410159 -87.624131266; 41.899410159 -87.624131266; 
41.89804054 -87.624091323; 41.897895128 -87.624096605; 41.897895128 -87.624096605; 41.897895128 -87.624096605; 
41.894410845 -87.62424167; 41.892753031 -87.624193896; 41.894410845 -87.62424167; 41.894122739 -87.625137369; 
41.892505345 -87.626304822; 41.892505345 -87.626304822; 41.892509386 -87.626069718; 41.892509386 -87.626069718; 
